Date,Close,signal
2005-01-21,5.638582706451416,0.0
2005-01-24,5.65997314453125,0.0
2005-01-25,5.608636379241943,0.0
2005-01-26,5.540184497833252,0.0
2005-01-27,5.561580181121826,0.0
2005-01-28,5.535910129547119,0.0
2005-01-31,5.5487446784973145,0.0
2005-02-01,5.582970142364502,0.0
2005-02-02,5.544466495513916,0.0
2005-02-03,5.561580181121826,0.0
2005-02-04,5.6471405029296875,0.0
2005-02-07,5.677089691162109,0.0
2005-02-08,5.711310863494873,0.0
2005-02-09,5.685644626617432,0.0
2005-02-10,5.7840399742126465,0.0
2005-02-11,5.920942783355713,0.0
2005-02-14,5.899551868438721,0.0
2005-02-15,5.839655876159668,0.0
2005-02-16,6.002225875854492,0.0
2005-02-17,6.002225875854492,0.0
2005-02-18,5.980835914611816,0.0
2005-02-22,5.865324974060059,0.0
2005-02-23,5.903830528259277,0.0
2005-02-24,5.903830528259277,0.0
2005-02-25,5.98939323425293,0.0
2005-02-28,5.946609973907471,0.0
2005-03-01,5.98939323425293,0.0
2005-03-02,6.006503105163574,0.0
2005-03-03,5.946609973907471,0.0
2005-03-04,6.023619651794434,0.0
2005-03-07,6.010786056518555,0.0
2005-03-08,6.032175064086914,0.0
2005-03-09,6.010786056518555,0.0
2005-03-10,5.980835914611816,0.0
2005-03-11,5.9799652099609375,0.0
2005-03-14,5.958220481872559,0.0
2005-03-15,5.875589370727539,0.0
2005-03-16,5.819049835205078,0.0
2005-03-17,5.871239185333252,0.0
2005-03-18,5.9190778732299805,0.0
2005-03-21,5.845144271850586,0.0
2005-03-22,5.775558948516846,0.0
2005-03-23,5.679882049560547,0.0
2005-03-24,5.640739917755127,0.0
2005-03-28,5.553759574890137,0.0
2005-03-29,5.566802978515625,0.0
2005-03-30,5.810354232788086,0.0
2005-03-31,5.871239185333252,0.0
2005-04-01,5.649435997009277,0.0
2005-04-04,5.649435997009277,0.0
2005-04-05,5.7233710289001465,0.0
2005-04-06,5.736419200897217,0.0
2005-04-07,5.784259796142578,0.0
2005-04-08,5.679882049560547,0.0
2005-04-11,5.658135414123535,0.0
2005-04-12,5.697276592254639,0.0
2005-04-13,5.788607597351074,0.0
2005-04-14,5.775558948516846,0.0
2005-04-15,5.6885786056518555,0.0
2005-04-18,5.710323810577393,0.0
2005-04-19,5.719021320343018,0.0
2005-04-20,5.705974578857422,0.0
2005-04-21,5.697276592254639,0.0
2005-04-22,5.575503826141357,0.0
2005-04-25,5.727720737457275,0.0
2005-04-26,5.627691745758057,0.0
2005-04-27,5.671182155609131,0.0
2005-04-28,5.618993759155273,0.0
2005-04-29,5.653788089752197,0.0
2005-05-02,5.653788089752197,0.0
2005-05-03,5.658135414123535,0.0
2005-05-04,5.610293388366699,0.0
2005-05-05,5.605947494506836,0.0
2005-05-06,5.579850673675537,0.0
2005-05-09,5.63203763961792,0.0
2005-05-10,5.610293388366699,0.0
2005-05-11,5.571154594421387,0.0
2005-05-12,5.488519668579102,0.0
2005-05-13,5.5885515213012695,0.0
2005-05-16,5.597248077392578,0.0
2005-05-17,5.618993759155273,0.0
2005-05-18,5.679882049560547,0.0
2005-05-19,5.719021320343018,0.0
2005-05-20,5.745115280151367,0.0
2005-05-23,5.884286880493164,0.0
2005-05-24,5.936473846435547,0.0
2005-05-25,5.923428058624268,0.0
2005-05-26,6.0234575271606445,0.0
2005-05-27,6.166977882385254,0.0
2005-05-31,6.262656211853027,0.0
2005-06-01,6.12783670425415,0.0
2005-06-02,6.1234869956970215,0.0
2005-06-03,6.153927803039551,0.0
2005-06-06,6.249607086181641,0.0
2005-06-07,6.284400939941406,0.0
2005-06-08,6.262656211853027,0.0
2005-06-09,6.1930694580078125,0.0
2005-06-10,6.201766014099121,0.0
2005-06-13,6.3511552810668945,0.0
2005-06-14,6.368834495544434,0.0
2005-06-15,6.298117637634277,0.0
2005-06-16,6.245082855224609,0.0
2005-06-17,6.231823921203613,0.0
2005-06-20,6.099230766296387,0.0
2005-06-21,6.249503135681152,0.0
2005-06-22,6.289277076721191,0.0
2005-06-23,6.209725856781006,0.0
2005-06-24,6.390929698944092,0.0
2005-06-27,6.404191017150879,0.0
2005-06-28,6.488165378570557,0.0
2005-06-29,6.466067790985107,0.0
2005-06-30,6.333475112915039,0.0
2005-07-01,6.43955135345459,0.0
2005-07-05,6.5854010581970215,0.0
2005-07-06,6.430710315704346,0.0
2005-07-07,6.563302993774414,0.0
2005-07-08,6.673796653747559,0.0
2005-07-11,6.996435165405273,0.0
2005-07-12,7.031795024871826,0.0
2005-07-13,7.053893089294434,0.0
2005-07-14,6.921299457550049,0.0
2005-07-15,6.943401336669922,0.0
2005-07-18,6.983177185058594,0.0
2005-07-19,7.1157684326171875,0.0
2005-07-20,7.3190765380859375,0.0
2005-07-21,7.0804123878479,0.0
2005-07-22,7.1157684326171875,0.0
2005-07-25,7.053893089294434,0.0
2005-07-26,7.1378703117370605,0.0
2005-07-27,7.1378703117370605,0.0
2005-07-28,7.177643299102783,0.0
2005-07-29,7.133448123931885,0.0
2005-08-01,7.15996789932251,0.0
2005-08-02,7.15996789932251,0.0
2005-08-03,7.155544757843018,0.0
2005-08-04,6.943401336669922,0.0
2005-08-05,6.620760440826416,0.0
2005-08-08,6.5323662757873535,0.0
2005-08-09,6.497007846832275,0.0
2005-08-10,6.810805320739746,0.0
2005-08-11,6.740092754364014,0.0
2005-08-12,6.541203498840332,0.0
2005-08-15,6.620760440826416,0.0
2005-08-16,6.753350257873535,0.0
2005-08-17,6.5854010581970215,0.0
2005-08-18,6.642856597900391,0.0
2005-08-19,6.5854010581970215,0.0
2005-08-22,6.541203498840332,0.0
2005-08-23,6.541203498840332,0.0
2005-08-24,6.607499122619629,0.0
2005-08-25,6.678216457366943,0.0
2005-08-26,6.594243049621582,0.0
2005-08-29,6.66053581237793,0.0
2005-08-30,6.62517786026001,0.0
2005-08-31,6.594243049621582,0.0
2005-09-01,6.62517786026001,0.0
2005-09-02,6.603080749511719,0.0
2005-09-06,6.965498447418213,0.0
2005-09-07,6.885943412780762,0.0
2005-09-08,6.872683525085449,0.0
2005-09-09,7.045051097869873,0.0
2005-09-12,6.961077690124512,0.0
2005-09-13,6.892910957336426,0.0
2005-09-14,6.812187671661377,0.0
2005-09-15,6.839096546173096,0.0
2005-09-16,6.9422430992126465,0.0
2005-09-19,6.722494125366211,0.0
2005-09-20,6.780795574188232,0.0
2005-09-21,6.704555034637451,0.0
2005-09-22,6.740431785583496,0.0
2005-09-23,6.825641632080078,0.0
2005-09-26,6.866006374359131,0.0
2005-09-27,6.74940299987793,0.0
2005-09-28,6.650741100311279,0.0
2005-09-29,6.794250011444092,0.0
2005-09-30,6.897395610809326,0.0
2005-10-03,6.816673278808594,0.0
2005-10-04,6.794250011444092,0.0
2005-10-05,6.709039211273193,0.0
2005-10-06,6.718011379241943,0.0
2005-10-07,6.704555034637451,0.0
2005-10-10,6.695586204528809,0.0
2005-10-11,6.426506042480469,0.0
2005-10-12,6.238154411315918,0.0
2005-10-13,6.197788238525391,0.0
2005-10-14,6.417537689208984,1.0
2005-10-17,6.547591209411621,0.0
2005-10-18,6.439962387084961,0.0
2005-10-19,6.399598598480225,0.0
2005-10-20,6.202278137207031,0.0
2005-10-21,6.233667850494385,0.0
2005-10-24,6.4354753494262695,0.0
2005-10-25,6.291966438293457,0.0
2005-10-26,6.233667850494385,0.0
2005-10-27,6.25160551071167,0.0
2005-10-28,6.520689487457275,0.0
2005-10-31,6.547591209411621,0.0
2005-11-01,6.422021865844727,0.0
2005-11-02,6.390629291534424,0.0
2005-11-03,6.287482261657715,0.0
2005-11-04,6.233667850494385,0.0
2005-11-07,6.0497965812683105,0.0
2005-11-08,5.89283561706543,0.0
2005-11-09,6.152946472167969,0.0
2005-11-10,6.300939083099365,0.0
2005-11-11,6.327847957611084,0.0
2005-11-14,6.300939083099365,0.0
2005-11-15,6.282998561859131,0.0
2005-11-16,6.193307876586914,0.0
2005-11-17,6.3413004875183105,0.0
2005-11-18,6.4668684005737305,0.0
2005-11-21,6.511718273162842,0.0
2005-11-22,6.682132244110107,0.0
2005-11-23,6.7449164390563965,0.0
2005-11-25,6.758371829986572,0.0
2005-11-28,6.498261451721191,0.0
2005-11-29,6.780795574188232,0.0
2005-11-30,6.834610462188721,0.0
2005-12-01,6.74940299987793,0.0
2005-12-02,6.628318786621094,0.0
2005-12-05,6.534140586853027,0.0
2005-12-06,6.735947132110596,0.0
2005-12-07,6.677649021148682,0.0
2005-12-08,6.740431785583496,0.0
2005-12-09,6.794250011444092,0.0
2005-12-12,6.85703182220459,0.0
2005-12-13,6.806044101715088,0.0
2005-12-14,6.783283233642578,0.0
2005-12-15,6.737757682800293,0.0
2005-12-16,6.769623279571533,0.0
2005-12-19,6.737757682800293,0.0
2005-12-20,6.7241010665893555,0.0
2005-12-21,6.919861316680908,0.0
2005-12-22,6.919861316680908,0.0
2005-12-23,6.897096157073975,0.0
2005-12-27,6.933516502380371,0.0
2005-12-28,6.874336242675781,0.0
2005-12-29,6.869779586791992,0.0
2005-12-30,7.010909080505371,0.0
2006-01-03,6.95172643661499,0.0
2006-01-04,6.988147735595703,0.0
2006-01-05,6.915306091308594,0.0
2006-01-06,6.9608306884765625,0.0
2006-01-09,6.938069820404053,0.0
2006-01-10,6.9790425300598145,0.0
2006-01-11,7.010909080505371,0.0
2006-01-12,6.9653849601745605,0.0
2006-01-13,6.833362579345703,0.0
2006-01-17,6.774177551269531,0.0
2006-01-18,6.765072345733643,0.0
2006-01-19,6.833362579345703,0.0
2006-01-20,6.737757682800293,0.0
2006-01-23,6.824255466461182,0.0
2006-01-24,6.819704532623291,0.0
2006-01-25,6.815150737762451,0.0
2006-01-26,7.010909080505371,0.0
2006-01-27,7.106512546539307,0.0
2006-01-30,7.033673286437988,0.0
2006-01-31,6.988147735595703,0.0
2006-02-01,6.919861316680908,0.0
2006-02-02,6.774177551269531,0.0
2006-02-03,6.596627712249756,0.0
2006-02-06,6.687679767608643,0.0
2006-02-07,6.774177551269531,0.0
2006-02-08,6.847016334533691,0.0
2006-02-09,6.719551086425781,0.0
2006-02-10,6.701337814331055,0.0
2006-02-13,6.806044101715088,0.0
2006-02-14,6.828806400299072,0.0
2006-02-15,6.860675811767578,0.0
2006-02-16,6.810598373413086,0.0
2006-02-17,6.874336242675781,0.0
2006-02-21,6.792389869689941,0.0
2006-02-22,6.810598373413086,0.0
2006-02-23,6.705888271331787,0.0
2006-02-24,6.714993953704834,0.0
2006-02-27,6.915306091308594,0.0
2006-02-28,6.828806400299072,0.0
2006-03-01,7.020016670227051,0.0
2006-03-02,6.956279754638672,0.0
2006-03-03,6.847016334533691,0.0
2006-03-06,6.9107537269592285,0.0
2006-03-07,6.9289655685424805,0.0
2006-03-08,6.988147735595703,0.0
2006-03-09,7.083751678466797,0.0
2006-03-10,7.206668853759766,0.0
2006-03-13,7.247316360473633,0.0
2006-03-14,7.270412445068359,0.0
2006-03-15,7.4320783615112305,0.0
2006-03-16,7.690744400024414,0.0
2006-03-17,7.801607131958008,0.0
2006-03-20,7.690744400024414,0.0
2006-03-21,7.699985980987549,0.0
2006-03-22,7.857032775878906,0.0
2006-03-23,7.917086124420166,0.0
2006-03-24,7.750796318054199,0.0
2006-03-27,7.704607009887695,0.0
2006-03-28,7.736940383911133,0.0
2006-03-29,7.944797039031982,0.0
2006-03-30,7.838558197021484,0.0
2006-03-31,7.940177917480469,0.0
2006-04-03,7.74155855178833,0.0
2006-04-04,7.760035991668701,0.0
2006-04-05,7.810844421386719,0.0
2006-04-06,7.736940383911133,0.0
2006-04-07,7.612223148345947,0.0
2006-04-10,7.533698081970215,0.0
2006-04-11,7.4320783615112305,0.0
2006-04-12,7.311984539031982,0.0
2006-04-13,7.284271717071533,0.0
2006-04-17,7.219601631164551,0.0
2006-04-18,7.325840950012207,0.0
2006-04-19,7.385888576507568,0.0
2006-04-20,7.390509605407715,0.0
2006-04-21,7.279651165008545,0.0
2006-04-24,7.344315528869629,0.0
2006-04-25,7.302746295928955,0.0
2006-04-26,7.45055627822876,0.0
2006-04-27,7.344315528869629,0.0
2006-04-28,7.261171340942383,0.0
2006-05-01,7.094886302947998,0.0
2006-05-02,7.196506977081299,0.0
2006-05-03,7.178030490875244,0.0
2006-05-04,7.131840705871582,0.0
2006-05-05,7.335076332092285,0.0
2006-05-08,7.159554481506348,0.0
2006-05-09,7.044081211090088,0.0
2006-05-10,7.11798095703125,0.0
2006-05-11,6.97479248046875,0.0
2006-05-12,6.873173236846924,0.0
2006-05-15,7.0302228927612305,0.0
2006-05-16,7.048698425292969,0.0
2006-05-17,6.928600788116455,0.0
2006-05-18,6.882410049438477,0.0
2006-05-19,6.877791881561279,0.0
2006-05-22,6.840840816497803,0.0
2006-05-23,6.8546977043151855,0.0
2006-05-24,6.826982021331787,0.0
2006-05-25,6.951697826385498,0.0
2006-05-26,6.928600788116455,0.0
2006-05-30,6.840840816497803,0.0
2006-05-31,7.016363143920898,0.0
2006-06-01,7.113364219665527,0.0
2006-06-02,7.205745220184326,0.0
2006-06-05,7.159554481506348,0.0
2006-06-06,7.150318145751953,0.0
2006-06-07,7.048698425292969,0.0
2006-06-08,7.108744144439697,0.0
2006-06-09,7.057936191558838,0.0
2006-06-12,7.048698425292969,0.0
2006-06-13,7.029003620147705,0.0
2006-06-14,6.949288368225098,0.0
2006-06-15,7.066516876220703,0.0
2006-06-16,7.047759056091309,0.0
2006-06-19,6.874262809753418,0.0
2006-06-20,6.939910411834717,0.0
2006-06-21,6.916463375091553,0.0
2006-06-22,6.878951549530029,0.0
2006-06-23,6.883640766143799,0.0
2006-06-26,7.033690452575684,0.0
2006-06-27,7.024314880371094,0.0
2006-06-28,7.089962482452393,0.0
2006-06-29,7.343172550201416,0.0
2006-06-30,7.615142822265625,0.0
2006-07-03,7.563563346862793,0.0
2006-07-05,7.60107421875,0.0
2006-07-06,7.605766773223877,0.0
2006-07-07,7.474470138549805,0.0
2006-07-10,7.521360874176025,0.0
2006-07-11,7.568253517150879,0.0
2006-07-12,7.605766773223877,0.0
2006-07-13,7.530740737915039,0.0
2006-07-14,7.446335315704346,0.0
2006-07-17,7.366621971130371,0.0
2006-07-18,7.544811248779297,0.0
2006-07-19,7.690169334411621,0.0
2006-07-20,7.511981964111328,0.0
2006-07-21,7.418198585510254,0.0
2006-07-24,7.526051044464111,0.0
2006-07-25,7.568253517150879,0.0
2006-07-26,7.493226528167725,0.0
2006-07-27,7.5026044845581055,0.0
2006-07-28,7.568253517150879,0.0
2006-07-31,7.469785690307617,0.0
2006-08-01,7.469785690307617,0.0
2006-08-02,7.572943210601807,0.0
2006-08-03,7.619833469390869,0.0
2006-08-04,7.619833469390869,0.0
2006-08-07,7.718301773071289,0.0
2006-08-08,7.66672420501709,0.0
2006-08-09,7.732371807098389,0.0
2006-08-10,7.671414852142334,0.0
2006-08-11,7.713616371154785,0.0
2006-08-14,7.75581693649292,0.0
2006-08-15,7.901181697845459,0.0
2006-08-16,7.88242244720459,0.0
2006-08-17,7.910557746887207,0.0
2006-08-18,7.901181697845459,0.0
2006-08-21,8.009028434753418,0.0
2006-08-22,7.971517562866211,0.0
2006-08-23,7.924628734588623,0.0
2006-08-24,7.938697338104248,0.0
2006-08-25,7.994961261749268,0.0
2006-08-28,8.140326499938965,0.0
2006-08-29,8.20128345489502,0.0
2006-08-30,8.266929626464844,0.0
2006-08-31,8.205972671508789,0.0
2006-09-01,8.08874797821045,0.0
2006-09-05,8.079367637634277,0.0
2006-09-06,7.994961261749268,0.0
2006-09-07,7.919936180114746,0.0
2006-09-08,7.971517562866211,0.0
2006-09-11,7.994961261749268,0.0
2006-09-12,8.09343433380127,0.0
2006-09-13,8.116242408752441,0.0
2006-09-14,8.125747680664062,0.0
2006-09-15,8.420368194580078,0.0
2006-09-18,8.320574760437012,0.0
2006-09-19,8.41086196899414,0.0
2006-09-20,8.277810096740723,0.0
2006-09-21,8.363343238830566,0.0
2006-09-22,8.31106948852539,0.0
2006-09-25,8.292064666748047,0.0
2006-09-26,8.268302917480469,0.0
2006-09-27,8.320574760437012,0.0
2006-09-28,8.339580535888672,0.0
2006-09-29,8.22553825378418,0.0
2006-10-02,8.197028160095215,0.0
2006-10-03,8.116242408752441,0.0
2006-10-04,8.377594947814941,0.0
2006-10-05,8.458382606506348,0.0
2006-10-06,8.41086196899414,0.0
2006-10-09,8.467885971069336,0.0
2006-10-10,8.420368194580078,0.0
2006-10-11,8.368097305297852,0.0
2006-10-12,8.420368194580078,0.0
2006-10-13,8.482139587402344,0.0
2006-10-16,8.5629243850708,0.0
2006-10-17,8.54866886138916,0.0
2006-10-18,8.624698638916016,0.0
2006-10-19,8.695978164672852,0.0
2006-10-20,8.586679458618164,0.0
2006-10-23,8.63895320892334,0.0
2006-10-24,8.543915748596191,0.0
2006-10-25,8.619943618774414,0.0
2006-10-26,8.84328556060791,0.0
2006-10-27,8.719736099243164,0.0
2006-10-30,8.791021347045898,0.0
2006-10-31,8.76250171661377,0.0
2006-11-01,8.667464256286621,0.0
2006-11-02,8.558173179626465,0.0
2006-11-03,8.254053115844727,0.0
2006-11-06,8.434623718261719,0.0
2006-11-07,8.330082893371582,0.0
2006-11-08,8.353838920593262,0.0
2006-11-09,8.287314414978027,0.0
2006-11-10,8.358591079711914,0.0
2006-11-13,8.406113624572754,0.0
2006-11-14,8.315824508666992,0.0
2006-11-15,8.382352828979492,0.0
2006-11-16,8.31106948852539,0.0
2006-11-17,8.292064666748047,0.0
2006-11-20,8.54866886138916,0.0
2006-11-21,8.629449844360352,0.0
2006-11-22,8.586679458618164,0.0
2006-11-24,8.70548152923584,0.0
2006-11-27,8.463134765625,0.0
2006-11-28,8.53441047668457,0.0
2006-11-29,8.63895320892334,0.0
2006-11-30,8.752996444702148,0.0
2006-12-01,8.72923755645752,0.0
2006-12-04,8.981091499328613,0.0
2006-12-05,8.85278606414795,0.0
2006-12-06,8.84328556060791,0.0
2006-12-07,8.781506538391113,0.0
2006-12-08,8.767253875732422,0.0
2006-12-11,8.795769691467285,0.0
2006-12-12,8.791021347045898,0.0
2006-12-13,8.66977310180664,0.0
2006-12-14,8.67939567565918,0.0
2006-12-15,8.693827629089355,0.0
2006-12-18,8.549490928649902,0.0
2006-12-19,8.53506088256836,0.0
2006-12-20,8.612039566040039,0.0
2006-12-21,8.563923835754395,0.0
2006-12-22,8.491758346557617,0.0
2006-12-26,8.549490928649902,0.0
2006-12-27,8.684205055236816,0.0
2006-12-28,8.66977310180664,0.0
2006-12-29,8.78524398803711,0.0
2007-01-03,8.915143013000488,0.0
2007-01-04,9.016180038452148,0.0
2007-01-05,8.761184692382812,0.0
2007-01-08,8.674582481384277,0.0
2007-01-09,8.75637435913086,0.0
2007-01-10,8.833354949951172,0.0
2007-01-11,8.886276245117188,0.0
2007-01-12,9.016180038452148,0.0
2007-01-16,8.996933937072754,0.0
2007-01-17,9.025800704956055,0.0
2007-01-18,8.919958114624023,0.0
2007-01-19,9.025800704956055,0.0
2007-01-22,9.097970962524414,0.0
2007-01-23,9.020989418029785,0.0
2007-01-24,9.045042991638184,0.0
2007-01-25,9.0739107131958,0.0
2007-01-26,9.107592582702637,0.0
2007-01-29,9.223061561584473,0.0
2007-01-30,9.3529634475708,0.0
2007-01-31,9.497294425964355,0.0
2007-02-01,9.506921768188477,0.0
2007-02-02,9.598331451416016,0.0
2007-02-05,9.458812713623047,0.0
2007-02-06,9.478053092956543,0.0
2007-02-07,9.704179763793945,0.0
2007-02-08,9.675311088562012,0.0
2007-02-09,9.478053092956543,0.0
2007-02-12,9.343338966369629,0.0
2007-02-13,9.603144645690918,0.0
2007-02-14,9.545409202575684,0.0
2007-02-15,9.545409202575684,0.0
2007-02-16,9.588713645935059,0.0
2007-02-20,9.646445274353027,0.0
2007-02-21,9.559845924377441,0.0
2007-02-22,9.478053092956543,0.0
2007-02-23,9.285605430603027,0.0
2007-02-26,9.179757118225098,0.0
2007-02-27,8.963254928588867,0.0
2007-02-28,9.141268730163574,0.0
2007-03-01,9.069104194641113,0.0
2007-03-02,9.0739107131958,0.0
2007-03-05,8.751561164855957,0.0
2007-03-06,9.030609130859375,0.0
2007-03-07,9.10278034210205,0.0
2007-03-08,9.405882835388184,0.0
2007-03-09,9.636825561523438,0.0
2007-03-12,9.834078788757324,0.0
2007-03-13,9.692008972167969,0.0
2007-03-14,9.682279586791992,0.0
2007-03-15,9.755263328552246,0.0
2007-03-16,9.696878433227539,0.0
2007-03-19,9.789321899414062,0.0
2007-03-20,9.735798835754395,0.0
2007-03-21,9.521717071533203,0.0
2007-03-22,9.502256393432617,0.0
2007-03-23,9.463330268859863,0.0
2007-03-26,9.39035415649414,0.0
2007-03-27,9.307635307312012,0.0
2007-03-28,9.200593948364258,0.0
2007-03-29,9.098420143127441,0.0
2007-03-30,9.215197563171387,0.0
2007-04-02,9.33682918548584,0.0
2007-04-03,9.302773475646973,0.0
2007-04-04,9.288174629211426,0.0
2007-04-05,9.331962585449219,0.0
2007-04-09,9.249253273010254,0.0
2007-04-10,9.29304027557373,0.0
2007-04-11,9.166537284851074,0.0
2007-04-12,9.132479667663574,0.0
2007-04-13,9.229788780212402,0.0
2007-04-16,9.273576736450195,0.0
2007-04-17,9.404947280883789,0.0
2007-04-18,9.331962585449219,0.0
2007-04-19,9.273576736450195,0.0
2007-04-20,9.33682918548584,0.0
2007-04-23,9.366023063659668,0.0
2007-04-24,9.370892524719238,0.0
2007-04-25,9.443865776062012,0.0
2007-04-26,9.385485649108887,0.0
2007-04-27,9.327098846435547,0.0
2007-04-30,9.103286743164062,0.0
2007-05-01,9.078958511352539,0.0
2007-05-02,9.088693618774414,0.0
2007-05-03,9.015707969665527,0.0
2007-05-04,8.942730903625488,0.0
2007-05-07,8.85515022277832,0.0
2007-05-08,8.728645324707031,0.0
2007-05-09,8.782166481018066,1.0
2007-05-10,8.587546348571777,0.0
2007-05-11,8.684864044189453,1.0
2007-05-14,8.636202812194824,0.0
2007-05-15,8.572954177856445,0.0
2007-05-16,8.568086624145508,1.0
2007-05-17,8.358870506286621,1.0
2007-05-18,8.276155471801758,1.0
2007-05-21,8.52429485321045,1.0
2007-05-22,8.597281455993652,0.0
2007-05-23,8.436718940734863,0.0
2007-05-24,8.358870506286621,0.0
2007-05-25,8.354007720947266,0.0
2007-05-29,8.534026145935059,0.0
2007-05-30,8.733515739440918,0.0
2007-05-31,8.714051246643066,0.0
2007-06-01,8.772435188293457,0.0
2007-06-04,8.791894912719727,0.0
2007-06-05,8.577817916870117,0.0
2007-06-06,8.499969482421875,0.0
2007-06-07,8.368605613708496,0.0
2007-06-08,8.392930030822754,0.0
2007-06-11,8.31021499633789,0.0
2007-06-12,8.130193710327148,0.0
2007-06-13,8.257460594177246,0.0
2007-06-14,8.183467864990234,0.0
2007-06-15,8.306787490844727,0.0
2007-06-18,8.34625244140625,0.0
2007-06-19,8.326519012451172,0.0
2007-06-20,8.079879760742188,0.0
2007-06-21,8.18840217590332,0.0
2007-06-22,8.242660522460938,0.0
2007-06-25,8.237730026245117,0.0
2007-06-26,8.306787490844727,0.0
2007-06-27,8.400510787963867,0.0
2007-06-28,8.277192115783691,0.0
2007-06-29,8.139071464538574,0.0
2007-07-02,8.25252628326416,0.0
2007-07-03,8.08974552154541,0.0
2007-07-05,8.124275207519531,0.0
2007-07-06,8.23279857635498,0.0
2007-07-09,8.129206657409668,0.0
2007-07-10,8.035487174987793,0.0
2007-07-11,8.03055191040039,0.0
2007-07-12,8.124275207519531,0.0
2007-07-13,8.11441421508789,0.0
2007-07-16,8.010821342468262,0.0
2007-07-17,8.025620460510254,0.0
2007-07-18,7.996025562286377,0.0
2007-07-19,7.986156463623047,0.0
2007-07-20,7.75924825668335,0.0
2007-07-23,7.65072774887085,0.0
2007-07-24,7.438620090484619,1.0
2007-07-25,7.3350300788879395,1.0
2007-07-26,7.117990016937256,1.0
2007-07-27,6.841756820678711,1.0
2007-07-30,6.826955795288086,1.0
2007-07-31,6.9256134033203125,1.0
2007-08-01,7.078526496887207,1.0
2007-08-02,7.147585868835449,1.0
2007-08-03,7.034134864807129,0.0
2007-08-06,7.399158477783203,1.0
2007-08-07,7.399158477783203,0.0
2007-08-08,7.547141075134277,0.0
2007-08-09,7.65072774887085,0.0
2007-08-10,7.428755283355713,0.0
2007-08-13,7.483012676239014,0.0
2007-08-14,7.221579074859619,0.0
2007-08-15,7.053863525390625,0.0
2007-08-16,7.290638446807861,0.0
2007-08-17,7.478082180023193,0.0
2007-08-20,7.487948894500732,0.0
2007-08-21,7.502748012542725,0.0
2007-08-22,7.502748012542725,0.0
2007-08-23,7.517547130584717,0.0
2007-08-24,7.5964674949646,0.0
2007-08-27,7.374495029449463,0.0
2007-08-28,7.127859115600586,0.0
2007-08-29,7.399158477783203,0.0
2007-08-30,7.404088973999023,0.0
2007-08-31,7.581668376922607,0.0
2007-09-04,7.744452476501465,0.0
2007-09-05,7.566874027252197,0.0
2007-09-06,7.43368673324585,0.0
2007-09-07,7.290638446807861,0.0
2007-09-10,7.196914196014404,0.0
2007-09-11,7.221579074859619,0.0
2007-09-12,7.285715579986572,0.0
2007-09-13,7.4661078453063965,0.0
2007-09-14,7.586365699768066,0.0
2007-09-17,7.631464958190918,0.0
2007-09-18,7.871982574462891,0.0
2007-09-19,7.851935863494873,0.0
2007-09-20,7.791808128356934,0.0
2007-09-21,7.907054901123047,0.0
2007-09-24,7.977207183837891,0.0
2007-09-25,7.866969585418701,0.0
2007-09-26,7.912067890167236,0.0
2007-09-27,7.831892013549805,0.0
2007-09-28,7.711634635925293,0.0
2007-10-01,7.866969585418701,0.0
2007-10-02,7.952153205871582,0.0
2007-10-03,7.902044773101807,0.0
2007-10-04,7.967182636260986,0.0
2007-10-05,8.317939758300781,0.0
2007-10-08,8.2077054977417,0.0
2007-10-09,8.267837524414062,0.0
2007-10-10,8.272846221923828,0.0
2007-10-11,8.19267463684082,0.0
2007-10-12,8.227745056152344,0.0
2007-10-15,8.107489585876465,0.0
2007-10-16,7.952153205871582,0.0
2007-10-17,7.912067890167236,0.0
2007-10-18,7.851935863494873,0.0
2007-10-19,7.456084251403809,0.0
2007-10-22,7.551289081573486,0.0
2007-10-23,7.516214847564697,0.0
2007-10-24,7.4661078453063965,0.0
2007-10-25,7.446059226989746,0.0
2007-10-26,7.436041355133057,0.0
2007-10-29,7.491156101226807,0.0
2007-10-30,7.616430759429932,0.0
2007-10-31,7.876992702484131,0.0
2007-11-01,7.616430759429932,0.0
2007-11-02,7.561311721801758,0.0
2007-11-05,7.451071739196777,0.0
2007-11-06,7.4310302734375,0.0
2007-11-07,7.175475597381592,0.0
2007-11-08,7.130383491516113,0.0
2007-11-09,7.190510272979736,0.0
2007-11-12,7.340837478637695,0.0
2007-11-13,7.616430759429932,0.0
2007-11-14,7.506190776824951,0.0
2007-11-15,7.531243801116943,0.0
2007-11-16,7.400963306427002,0.0
2007-11-19,7.305760860443115,0.0
2007-11-20,7.1554365158081055,0.0
2007-11-21,7.055219650268555,0.0
2007-11-23,7.195520401000977,0.0
2007-11-26,6.824721336364746,0.0
2007-11-27,6.909907817840576,0.0
2007-11-28,7.06524133682251,0.0
2007-11-29,7.020143985748291,0.0
2007-11-30,7.145413398742676,0.0
2007-12-03,7.130383491516113,0.0
2007-12-04,6.965022563934326,0.0
2007-12-05,7.100315093994141,0.0
2007-12-06,7.305760860443115,0.0
2007-12-07,7.385931491851807,0.0
2007-12-10,7.591374397277832,0.0
2007-12-11,7.205540657043457,0.0
2007-12-12,7.134151458740234,0.0
2007-12-13,7.083156585693359,0.0
2007-12-14,6.8077850341796875,0.0
2007-12-17,6.7057976722717285,0.0
2007-12-18,6.92507266998291,0.0
2007-12-19,6.960766315460205,0.0
2007-12-20,7.016863822937012,0.0
2007-12-21,7.287137031555176,0.0
2007-12-24,7.4707159996032715,0.0
2007-12-26,7.460515022277832,0.0
2007-12-27,7.353428840637207,0.0
2007-12-28,7.139251232147217,0.0
2007-12-31,7.287137031555176,0.0
2008-01-02,7.1137518882751465,0.0
2008-01-03,6.894475936889648,0.0
2008-01-04,6.782289981842041,0.0
2008-01-07,6.73639440536499,0.0
2008-01-08,6.522213935852051,0.0
2008-01-09,6.608904838562012,0.0
2008-01-10,6.675198078155518,0.0
2008-01-11,6.715992450714111,0.0
2008-01-14,6.8077850341796875,0.0
2008-01-15,6.603805065155029,0.0
2008-01-16,6.833281517028809,0.0
2008-01-17,6.863877773284912,0.0
2008-01-18,6.756791591644287,0.0
2008-01-22,6.823084354400635,0.0
2008-01-23,7.282034873962402,0.0
2008-01-24,7.195343971252441,0.0
2008-01-25,7.317731857299805,0.0
2008-01-28,7.7205915451049805,0.0
2008-01-29,7.623697280883789,0.0
2008-01-30,7.496212959289551,0.0
2008-01-31,7.7205915451049805,0.0
2008-02-01,7.944967746734619,0.0
2008-02-04,7.812380313873291,0.0
2008-02-05,7.521711826324463,0.0
2008-02-06,7.2718353271484375,0.0
2008-02-07,7.327929496765137,0.0
2008-02-08,7.185144901275635,0.0
2008-02-11,7.098451614379883,0.0
2008-02-12,7.256539344787598,0.0
2008-02-13,7.450318336486816,0.0
2008-02-14,7.2310404777526855,0.0
2008-02-15,7.174946308135986,0.0
2008-02-19,7.394224643707275,0.0
2008-02-20,7.644097805023193,0.0
2008-02-21,7.562505722045898,0.0
2008-02-22,7.654297351837158,0.0
2008-02-25,7.878673076629639,0.0
2008-02-26,7.8888702392578125,0.0
2008-02-27,7.970461845397949,0.0
2008-02-28,7.751185417175293,0.0
2008-02-29,7.684892177581787,0.0
2008-03-03,7.761384963989258,0.0
2008-03-04,7.7970805168151855,0.0
2008-03-05,7.746087551116943,0.0
2008-03-06,7.633896827697754,0.0
2008-03-07,7.6746931076049805,0.0
2008-03-10,7.664494514465332,0.0
2008-03-11,8.205037117004395,0.0
2008-03-12,8.065178871154785,0.0
2008-03-13,8.262018203735352,0.0
2008-03-14,8.106618881225586,0.0
2008-03-17,8.179137229919434,0.0
2008-03-18,8.640153884887695,0.0
2008-03-19,8.660872459411621,0.0
2008-03-20,8.82663345336914,0.0
2008-03-24,8.8836088180542,0.0
2008-03-25,8.593538284301758,0.0
2008-03-26,8.681591987609863,0.0
2008-03-27,8.469216346740723,0.0
2008-03-28,8.21021842956543,0.0
2008-03-31,8.386337280273438,0.0
2008-04-01,8.717853546142578,0.0
2008-04-02,8.987214088439941,0.0
2008-04-03,8.8836088180542,0.0
2008-04-04,8.780014038085938,0.0
2008-04-07,8.836990356445312,0.0
2008-04-08,8.90433120727539,0.0
2008-04-09,8.614253044128418,0.0
2008-04-10,8.62979507446289,0.0
2008-04-11,8.552096366882324,0.0
2008-04-14,8.557276725769043,0.0
2008-04-15,8.655695915222168,0.0
2008-04-16,8.831812858581543,0.0
2008-04-17,8.862892150878906,0.0
2008-04-18,8.919869422912598,0.0
2008-04-21,8.774832725524902,0.0
2008-04-22,8.603891372680664,0.0
2008-04-23,8.79037094116211,0.0
2008-04-24,8.878432273864746,0.0
2008-04-25,8.935410499572754,0.0
2008-04-28,8.8836088180542,0.0
2008-04-29,8.919869422912598,0.0
2008-04-30,8.717853546142578,0.0
2008-05-01,9.111529350280762,0.0
2008-05-02,9.168511390686035,0.0
2008-05-05,9.106348991394043,0.0
2008-05-06,9.111529350280762,0.0
2008-05-07,8.85252857208252,0.0
2008-05-08,8.76965618133545,0.0
2008-05-09,8.73857307434082,0.0
2008-05-12,8.805912017822266,0.0
2008-05-13,8.686774253845215,0.0
2008-05-14,8.495116233825684,0.0
2008-05-15,8.577994346618652,0.0
2008-05-16,8.691953659057617,0.0
2008-05-19,8.676414489746094,0.0
2008-05-20,8.593538284301758,0.0
2008-05-21,8.53137493133545,0.0
2008-05-22,8.515830993652344,0.0
2008-05-23,8.634971618652344,0.0
2008-05-27,8.73857307434082,0.0
2008-05-28,8.676414489746094,0.0
2008-05-29,8.655695915222168,0.0
2008-05-30,8.624613761901855,0.0
2008-06-02,8.593538284301758,0.0
2008-06-03,8.422595024108887,0.0
2008-06-04,8.505475044250488,0.0
2008-06-05,8.593538284301758,0.0
2008-06-06,8.396696090698242,0.0
2008-06-09,8.308639526367188,0.0
2008-06-10,8.308639526367188,0.0
2008-06-11,8.213922500610352,0.0
2008-06-12,8.240232467651367,0.0
2008-06-13,8.366518020629883,0.0
2008-06-16,8.403351783752441,0.0
2008-06-17,8.134990692138672,0.0
2008-06-18,8.124468803405762,0.0
2008-06-19,8.392829895019531,0.0
2008-06-20,8.298114776611328,0.0
2008-06-23,8.0665864944458,0.0
2008-06-24,8.177088737487793,0.0
2008-06-25,8.277064323425293,0.0
2008-06-26,8.071847915649414,0.0
2008-06-27,8.050802230834961,0.0
2008-06-30,8.082371711730957,0.0
2008-07-01,8.10867977142334,0.0
2008-07-02,7.998180389404297,0.0
2008-07-03,8.008705139160156,0.0
2008-07-07,7.892941474914551,0.0
2008-07-08,8.319161415100098,0.0
2008-07-09,7.766658306121826,0.0
2008-07-10,7.998180389404297,0.0
2008-07-11,7.982395648956299,0.0
2008-07-14,7.682464599609375,0.0
2008-07-15,7.5088210105896,0.0
2008-07-16,7.8245344161987305,0.0
2008-07-17,8.035015106201172,0.0
2008-07-18,7.92451286315918,0.0
2008-07-21,7.8245344161987305,0.0
2008-07-22,8.224447250366211,0.0
2008-07-23,8.298114776611328,0.0
2008-07-24,7.987655162811279,0.0
2008-07-25,8.040270805358887,0.0
2008-07-28,7.814010143280029,0.0
2008-07-29,8.035015106201172,0.0
2008-07-30,7.366747856140137,0.0
2008-07-31,7.456198215484619,0.0
2008-08-01,7.477248668670654,0.0
2008-08-04,7.356222152709961,0.0
2008-08-05,7.650892734527588,0.0
2008-08-06,7.556178092956543,0.0
2008-08-07,7.31412410736084,0.0
2008-08-08,7.62984561920166,0.0
2008-08-11,7.92451286315918,0.0
2008-08-12,7.971871376037598,0.0
2008-08-13,7.940301418304443,0.0
2008-08-14,7.987655162811279,0.0
2008-08-15,8.071847915649414,0.0
2008-08-18,7.887681007385254,0.0
2008-08-19,7.866632461547852,0.0
2008-08-20,7.919251441955566,0.0
2008-08-21,7.856109142303467,0.0
2008-08-22,8.082371711730957,0.0
2008-08-25,7.908727645874023,0.0
2008-08-26,8.040270805358887,0.0
2008-08-27,8.07711124420166,0.0
2008-08-28,8.382306098937988,0.0
2008-08-29,8.287591934204102,0.0
2008-09-02,8.324422836303711,0.0
2008-09-03,8.466496467590332,0.0
2008-09-04,8.213922500610352,0.0
2008-09-05,8.16656494140625,0.0
2008-09-08,8.524375915527344,0.0
2008-09-09,8.287591934204102,0.0
2008-09-10,8.282327651977539,0.0
2008-09-11,8.341141700744629,0.0
2008-09-12,8.46946907043457,0.0
2008-09-15,7.982900142669678,0.0
2008-09-16,8.5871000289917,0.0
2008-09-17,7.966859817504883,0.0
2008-09-18,9.308930397033691,0.0
2008-09-19,9.39448070526123,0.0
2008-09-22,8.544322967529297,0.0
2008-09-23,8.389264106750488,0.0
2008-09-24,7.9989447593688965,0.0
2008-09-25,7.993591785430908,0.0
2008-09-26,8.223509788513184,0.0
2008-09-29,7.961515426635742,0.0
2008-09-30,8.212818145751953,0.0
2008-10-01,8.020333290100098,0.0
2008-10-02,7.6727824211120605,0.0
2008-10-03,7.576538562774658,0.0
2008-10-06,7.368010997772217,0.0
2008-10-07,6.908175945281982,0.0
2008-10-08,7.031158447265625,0.0
2008-10-09,6.154266834259033,0.0
2008-10-10,6.785200595855713,1.0
2008-10-13,7.025805473327637,0.0
2008-10-14,6.961647033691406,0.0
2008-10-15,6.20773458480835,0.0
2008-10-16,6.213081359863281,0.0
2008-10-17,6.1007981300354,0.0
2008-10-20,6.122183799743652,0.0
2008-10-21,5.99385929107666,0.0
2008-10-22,5.710476875305176,0.0
2008-10-23,5.485908031463623,0.0
2008-10-24,5.11697244644165,1.0
2008-10-27,4.651792049407959,1.0
2008-10-28,5.223908424377441,1.0
2008-10-29,5.5500712394714355,0.0
2008-10-30,5.662351608276367,0.0
2008-10-31,6.154266834259033,0.0
2008-11-03,6.2398152351379395,0.0
2008-11-04,6.539240837097168,0.0
2008-11-05,6.068716049194336,0.0
2008-11-06,5.790679454803467,0.0
2008-11-07,6.00455379486084,0.0
2008-11-10,5.624925136566162,0.0
2008-11-11,5.357581615447998,0.0
2008-11-12,5.020724773406982,0.0
2008-11-13,5.3415398597717285,0.0
2008-11-14,4.699913024902344,0.0
2008-11-17,4.731996059417725,0.0
2008-11-18,4.5181193351745605,0.0
2008-11-19,3.919267416000366,0.0
2008-11-20,3.459437131881714,1.0
2008-11-21,3.6038014888763428,1.0
2008-11-24,4.486039161682129,1.0
2008-11-25,4.277509689331055,0.0
2008-11-26,4.662485122680664,0.0
2008-11-28,4.731996059417725,0.0
2008-12-01,4.020858287811279,0.0
2008-12-02,4.400488376617432,0.0
2008-12-03,4.539506435394287,0.0
2008-12-04,4.45930290222168,0.0
2008-12-05,4.967257499694824,0.0
2008-12-08,5.3950066566467285,0.0
2008-12-09,4.790811538696289,0.0
2008-12-10,5.026072978973389,0.0
2008-12-11,4.575648784637451,0.0
2008-12-12,4.910720348358154,0.0
2008-12-15,4.663536071777344,0.0
2008-12-16,5.273258209228516,0.0
2008-12-17,5.542412757873535,0.0
2008-12-18,5.503965377807617,0.0
2008-12-19,5.981848239898682,0.0
2008-12-22,5.657766342163086,0.0
2008-12-23,5.421568393707275,0.0
2008-12-24,5.344665050506592,0.0
2008-12-26,5.339174747467041,0.0
2008-12-29,5.152411460876465,0.0
2008-12-30,5.240300178527832,0.0
2008-12-31,5.668750286102295,0.0
2009-01-02,5.5808634757995605,0.0
2009-01-05,5.339174747467041,0.0
2009-01-06,5.707201957702637,0.0
2009-01-07,5.525933742523193,0.0
2009-01-08,5.421568393707275,0.0
2009-01-09,5.19086217880249,0.0
2009-01-12,4.905227184295654,0.0
2009-01-13,5.031567573547363,0.0
2009-01-14,4.762410640716553,0.0
2009-01-15,4.8997344970703125,0.0
2009-01-16,5.179876327514648,0.0
2009-01-20,4.553678035736084,0.0
2009-01-21,4.597622394561768,0.0
2009-01-22,4.641565322875977,0.0
2009-01-23,4.6910014152526855,0.0
2009-01-26,4.701988220214844,0.0
2009-01-27,4.8283257484436035,0.0
2009-01-28,5.075510025024414,0.0
2009-01-29,4.66903018951416,0.0
2009-01-30,4.454802989959717,0.0
2009-02-02,4.438323974609375,0.0
2009-02-03,4.301000595092773,0.0
2009-02-04,4.147197246551514,0.0
2009-02-05,4.042829990386963,0.0
2009-02-06,4.224098205566406,0.0
2009-02-09,4.262548446655273,0.0
2009-02-10,3.9329707622528076,0.0
2009-02-11,3.9933950901031494,0.0
2009-02-12,3.8890268802642822,0.0
2009-02-13,3.6912808418273926,0.0
2009-02-17,3.4166295528411865,0.0
2009-02-18,3.449589729309082,1.0
2009-02-19,3.3671953678131104,0.0
2009-02-20,3.383674144744873,1.0
2009-02-23,3.290292739868164,1.0
2009-02-24,3.625364303588867,1.0
2009-02-25,3.488041400909424,0.0
2009-02-26,3.394659996032715,0.0
2009-02-27,3.444096326828003,0.0
2009-03-02,3.1639556884765625,0.0
2009-03-03,3.0980396270751953,0.0
2009-03-04,3.1364896297454834,0.0
2009-03-05,3.004657745361328,0.0
2009-03-06,2.8453609943389893,0.0
2009-03-09,2.8178980350494385,1.0
2009-03-10,3.0705721378326416,1.0
2009-03-11,2.9670708179473877,0.0
2009-03-12,3.2258269786834717,0.0
2009-03-13,3.110823392868042,0.0
2009-03-16,2.9325695037841797,0.0
2009-03-17,3.174076557159424,0.0
2009-03-18,3.398331642150879,0.0
2009-03-19,3.220078229904175,0.0
2009-03-20,2.949821949005127,0.0
2009-03-23,3.3638312816619873,0.0
2009-03-24,3.2258269786834717,0.0
2009-03-25,3.1855764389038086,0.0
2009-03-26,3.381082534790039,0.0
2009-03-27,3.110823392868042,0.0
2009-03-30,3.0303220748901367,0.0
2009-03-31,3.1683263778686523,0.0
2009-04-01,3.2430787086486816,0.0
2009-04-02,3.5535857677459717,0.0
2009-04-03,3.7375898361206055,0.0
2009-04-06,3.749089002609253,0.0
2009-04-07,3.4098310470581055,0.0
2009-04-08,3.478834390640259,0.0
2009-04-09,3.961843729019165,0.0
2009-04-13,3.950345993041992,0.0
2009-04-14,3.5305850505828857,0.0
2009-04-15,3.691589832305908,0.0
2009-04-16,4.036597728729248,0.0
2009-04-17,4.375855445861816,0.0
2009-04-20,4.099849700927734,0.0
2009-04-21,4.427606582641602,0.0
2009-04-22,4.306854248046875,0.0
2009-04-23,4.444857597351074,0.0
2009-04-24,4.6001105308532715,0.0
2009-04-27,4.249352931976318,0.0
2009-04-28,4.128600120544434,0.0
2009-04-29,4.220600605010986,0.0
2009-04-30,4.088348865509033,0.0
2009-05-01,3.9100940227508545,0.0
2009-05-04,4.536858558654785,0.0
2009-05-05,4.076848983764648,0.0
2009-05-06,4.099849700927734,0.0
2009-05-07,3.731840133666992,0.0
2009-05-08,4.059596061706543,0.0
2009-05-11,3.9560952186584473,0.0
2009-05-12,3.9043431282043457,0.0
2009-05-13,3.651338577270508,0.0
2009-05-14,3.864093780517578,0.0
2009-05-15,3.8065919876098633,0.0
2009-05-18,4.134350299835205,0.0
2009-05-19,4.197601795196533,0.0
2009-05-20,4.053848743438721,0.0
2009-05-21,4.122849464416504,0.0
2009-05-22,3.9675955772399902,0.0
2009-05-26,4.260852336883545,0.0
2009-05-27,4.122849464416504,0.0
2009-05-28,4.088348865509033,0.0
2009-05-29,4.318354606628418,0.0
2009-06-01,4.542609691619873,0.0
2009-06-02,4.743863582611084,0.0
2009-06-03,4.7726149559021,0.0
2009-06-04,4.9681196212768555,0.0
2009-06-05,4.996870994567871,0.0
2009-06-08,4.835867404937744,0.0
2009-06-09,4.864616870880127,0.0
2009-06-10,4.864616870880127,0.0
2009-06-11,4.847367286682129,0.0
2009-06-12,4.904868125915527,0.0
2009-06-15,4.663361549377441,0.0
2009-06-16,4.5713605880737305,0.0
2009-06-17,4.502359390258789,0.0
2009-06-18,4.542609691619873,0.0
2009-06-19,4.6806135177612305,0.0
2009-06-22,4.519608974456787,0.0
2009-06-23,4.5081095695495605,0.0
2009-06-24,4.634612560272217,0.0
2009-06-25,4.640361309051514,0.0
2009-06-26,4.841618061065674,0.0
2009-06-29,4.755363941192627,0.0
2009-06-30,4.801365375518799,0.0
2009-07-01,4.916368007659912,0.0
2009-07-02,4.623111248016357,0.0
2009-07-06,4.6978631019592285,0.0
2009-07-07,4.5713605880737305,0.0
2009-07-08,4.410356044769287,0.0
2009-07-09,4.312605857849121,0.0
2009-07-10,4.347104549407959,0.0
2009-07-13,4.496608257293701,0.0
2009-07-14,4.5713605880737305,0.0
2009-07-15,4.715114116668701,0.0
2009-07-16,4.784114837646484,0.0
2009-07-17,4.657612323760986,0.0
2009-07-20,4.755363941192627,0.0
2009-07-21,4.663361549377441,0.0
2009-07-22,4.663361549377441,0.0
2009-07-23,4.761115074157715,0.0
2009-07-24,4.8876190185546875,0.0
2009-07-27,4.8071160316467285,0.0
2009-07-28,4.835867404937744,0.0
2009-07-29,4.853116512298584,0.0
2009-07-30,5.060122013092041,0.0
2009-07-31,5.0486226081848145,0.0
2009-08-03,5.169376373291016,0.0
2009-08-04,5.11761999130249,0.0
2009-08-05,5.140623569488525,0.0
2009-08-06,5.209627151489258,0.0
2009-08-07,5.525882244110107,0.0
2009-08-10,5.359129905700684,0.0
2009-08-11,5.134872913360596,0.0
2009-08-12,5.456882476806641,0.0
2009-08-13,5.353377819061279,0.0
2009-08-14,5.192375183105469,0.0
2009-08-17,5.088874816894531,0.0
2009-08-18,5.387879371643066,0.0
2009-08-19,5.48563289642334,0.0
2009-08-20,5.704137802124023,0.0
2009-08-21,5.882391452789307,0.0
2009-08-24,5.755888938903809,0.0
2009-08-25,5.82489013671875,0.0
2009-08-26,5.78463888168335,0.0
2009-08-27,5.7328901290893555,0.0
2009-08-28,5.859389781951904,0.0
2009-08-31,5.692636966705322,0.0
2009-09-01,5.40512752532959,0.0
2009-09-02,5.129122734069824,0.0
2009-09-03,5.318877696990967,0.0
2009-09-04,5.399379730224609,0.0
2009-09-08,5.525882244110107,0.0
2009-09-09,5.6236348152160645,0.0
2009-09-10,5.675388336181641,0.0
2009-09-11,5.675388336181641,0.0
2009-09-14,5.974392414093018,0.0
2009-09-15,6.175649166107178,0.0
2009-09-16,6.434404373168945,0.0
2009-09-17,6.2676496505737305,0.0
2009-09-18,6.192899227142334,0.0
2009-09-21,6.135397434234619,0.0
2009-09-22,6.44015645980835,0.0
2009-09-23,6.365401744842529,0.0
2009-09-24,5.99164342880249,0.0
2009-09-25,5.98589563369751,0.0
2009-09-28,6.417153835296631,0.0
2009-09-29,6.273400783538818,0.0
2009-09-30,6.066395282745361,0.0
2009-10-01,5.82489013671875,0.0
2009-10-02,5.859389781951904,0.0
2009-10-05,5.830639839172363,0.0
2009-10-06,5.801888942718506,0.0
2009-10-07,5.807640075683594,0.0
2009-10-08,5.899643898010254,0.0
2009-10-09,6.00314474105835,0.0
2009-10-12,6.031894683837891,0.0
2009-10-13,5.934141635894775,0.0
2009-10-14,6.0376458168029785,0.0
2009-10-15,6.238900184631348,0.0
2009-10-16,6.112396717071533,0.0
2009-10-19,6.215900897979736,0.0
2009-10-20,6.054896354675293,0.0
2009-10-21,6.014646053314209,0.0
2009-10-22,6.1698994636535645,0.0
2009-10-23,6.020394802093506,0.0
2009-10-26,5.928390979766846,0.0
2009-10-27,5.876640796661377,0.0
2009-10-28,5.497134208679199,0.0
2009-10-29,5.704137802124023,0.0
2009-10-30,5.502883434295654,0.0
2009-11-02,5.4913811683654785,0.0
2009-11-03,5.853641986846924,0.0
2009-11-04,5.64663553237915,0.0
2009-11-05,5.82489013671875,0.0
2009-11-06,5.968644618988037,0.0
2009-11-09,6.2676496505737305,0.0
2009-11-10,6.371152877807617,0.0
2009-11-11,6.497655391693115,0.0
2009-11-12,6.382654190063477,0.0
2009-11-13,6.57240629196167,0.0
2009-11-16,6.727662563323975,0.0
2009-11-17,6.486157417297363,0.0
2009-11-18,6.612659454345703,0.0
2009-11-19,6.399905204772949,0.0
2009-11-20,6.365401744842529,0.0
2009-11-23,6.463155269622803,0.0
2009-11-24,6.428651809692383,0.0
2009-11-25,6.451653957366943,0.0
2009-11-27,6.141147136688232,0.0
2009-11-30,6.319398403167725,0.0
2009-12-01,6.555159091949463,0.0
2009-12-02,6.664407730102539,0.0
2009-12-03,6.468906402587891,0.0
2009-12-04,6.6414103507995605,0.0
2009-12-07,6.509157180786133,0.0
2009-12-08,6.398634910583496,0.0
2009-12-09,6.3928141593933105,0.0
2009-12-10,6.48007345199585,0.0
2009-12-11,6.672031879425049,0.0
2009-12-14,6.794189453125,0.0
2009-12-15,6.811639308929443,0.0
2009-12-16,6.706933498382568,0.0
2009-12-17,6.730202674865723,0.0
2009-12-18,6.689480781555176,0.0
2009-12-21,6.736016273498535,0.0
2009-12-22,6.753469467163086,0.0
2009-12-23,6.93379545211792,0.0
2009-12-24,7.032680034637451,0.0
2009-12-28,6.945425510406494,0.0
2009-12-29,6.829086780548096,0.0
2009-12-30,6.869804382324219,0.0
2009-12-31,6.718569278717041,0.0
2010-01-04,6.916342735290527,0.0
2010-01-05,6.869804382324219,0.0
2010-01-06,6.893075466156006,0.0
2010-01-07,6.840723037719727,0.0
2010-01-08,6.689480781555176,0.0
2010-01-11,6.741835594177246,0.0
2010-01-12,6.50333833694458,0.0
2010-01-13,6.619678497314453,0.0
2010-01-14,6.59641170501709,0.0
2010-01-15,6.625493049621582,0.0
2010-01-19,6.817452430725098,0.0
2010-01-20,6.834907054901123,0.0
2010-01-21,6.724385738372803,0.0
2010-01-22,6.6778483390808105,0.0
2010-01-25,6.701117992401123,0.0
2010-01-26,6.602229118347168,0.0
2010-01-27,6.631310939788818,0.0
2010-01-28,6.573143482208252,0.0
2010-01-29,6.602229118347168,0.0
2010-02-01,6.666213512420654,0.0
2010-02-02,6.817452430725098,0.0
2010-02-03,6.753469467163086,0.0
2010-02-04,6.50333833694458,0.0
2010-02-05,6.602229118347168,0.0
2010-02-08,6.474253177642822,0.0
2010-02-09,6.445170879364014,0.0
2010-02-10,6.474253177642822,0.0
2010-02-11,6.567325592041016,0.0
2010-02-12,6.608044147491455,0.0
2010-02-16,6.741835594177246,0.0
2010-02-17,6.747649192810059,0.0
2010-02-18,6.887258529663086,0.0
2010-02-19,7.021047592163086,0.0
2010-02-22,6.980327606201172,0.0
2010-02-23,6.701117992401123,0.0
2010-02-24,6.689480781555176,0.0
2010-02-25,6.64876127243042,0.0
2010-02-26,6.56151008605957,0.0
2010-03-01,6.59641170501709,0.0
2010-03-02,6.497522354125977,0.0
2010-03-03,6.578959941864014,0.0
2010-03-04,6.82327127456665,0.0
2010-03-05,7.102483749389648,0.0
2010-03-08,7.259542465209961,0.0
2010-03-09,7.364245414733887,0.0
2010-03-10,7.364245414733887,0.0
2010-03-11,7.364245414733887,0.0
2010-03-12,7.458059310913086,0.0
2010-03-15,7.5049638748168945,0.0
2010-03-16,7.680862903594971,0.0
2010-03-17,7.698452949523926,0.0
2010-03-18,7.7277679443359375,0.0
2010-03-19,7.546008110046387,0.0
2010-03-22,7.563598155975342,0.0
2010-03-23,7.657410144805908,0.0
2010-03-24,7.645679950714111,0.0
2010-03-25,7.563598155975342,0.0
2010-03-26,7.622228622436523,0.0
2010-03-29,7.6398210525512695,0.0
2010-03-30,7.663271903991699,0.0
2010-03-31,7.434607028961182,0.0
2010-04-01,7.4521965980529785,0.0
2010-04-05,7.645679950714111,0.0
2010-04-06,7.856758117675781,0.0
2010-04-07,7.950573444366455,0.0
2010-04-08,7.8743510246276855,0.0
2010-04-09,8.08542537689209,0.0
2010-04-12,7.991614818572998,0.0
2010-04-13,8.267187118530273,0.0
2010-04-14,8.437222480773926,0.0
2010-04-15,8.026793479919434,0.0
2010-04-16,7.833307266235352,0.0
2010-04-19,7.9153900146484375,0.0
2010-04-20,7.979887008666992,0.0
2010-04-21,8.261321067810059,0.0
2010-04-22,8.28477668762207,0.0
2010-04-23,8.501716613769531,0.0
2010-04-26,8.695204734802246,0.0
2010-04-27,8.407905578613281,0.0
2010-04-28,8.33755111694336,0.0
2010-04-29,8.888692855834961,0.0
2010-04-30,8.806608200073242,0.0
2010-05-03,9.123223304748535,0.0
2010-05-04,9.146678924560547,0.0
2010-05-05,9.281529426574707,0.0
2010-05-06,9.011817932128906,0.0
2010-05-07,8.82419490814209,0.0
2010-05-10,9.334300994873047,0.0
2010-05-11,9.29912281036377,0.0
2010-05-12,9.516058921813965,0.0
2010-05-13,9.28739070892334,0.0
2010-05-14,9.175992012023926,0.0
2010-05-17,9.304984092712402,0.0
2010-05-18,8.894556999206543,0.0
2010-05-19,8.753837585449219,0.0
2010-05-20,8.220283508300781,0.0
2010-05-21,8.5838041305542,0.0
2010-05-24,8.466535568237305,0.0
2010-05-25,8.425495147705078,0.0
2010-05-26,8.478263854980469,0.0
2010-05-27,8.9531888961792,0.0
2010-05-28,8.818330764770508,0.0
2010-06-01,8.443084716796875,0.0
2010-06-02,8.648297309875488,0.0
2010-06-03,8.554488182067871,0.0
2010-06-04,8.138198852539062,0.0
2010-06-07,8.056111335754395,0.0
2010-06-08,8.149920463562012,0.0
2010-06-09,8.23200798034668,0.0
2010-06-10,8.466535568237305,0.0
2010-06-11,8.608238220214844,0.0
2010-06-14,8.915254592895508,0.0
2010-06-15,9.163227081298828,0.0
2010-06-16,8.838501930236816,0.0
2010-06-17,8.797173500061035,0.0
2010-06-18,8.791264533996582,0.0
2010-06-21,8.708608627319336,0.0
2010-06-22,8.620046615600586,0.0
2010-06-23,8.602331161499023,0.0
2010-06-24,8.401591300964355,0.0
2010-06-25,8.596429824829102,0.0
2010-06-28,8.531484603881836,0.0
2010-06-29,8.212660789489746,0.0
2010-06-30,8.206751823425293,0.0
2010-07-01,8.177237510681152,0.0
2010-07-02,7.952879428863525,0.0
2010-07-06,7.699001312255859,0.0
2010-07-07,8.165426254272461,0.0
2010-07-08,8.224470138549805,0.0
2010-07-09,8.342550277709961,0.0
2010-07-12,8.413400650024414,0.0
2010-07-13,8.661375999450684,0.0
2010-07-14,8.448824882507324,0.0
2010-07-15,8.401591300964355,0.0
2010-07-16,8.189043998718262,0.0
2010-07-19,8.23627758026123,0.0
2010-07-20,8.383878707885742,0.0
2010-07-21,8.295320510864258,0.0
2010-07-22,8.684993743896484,0.0
2010-07-23,8.862114906311035,0.0
2010-07-26,9.110089302062988,0.0
2010-07-27,9.110089302062988,0.0
2010-07-28,9.110089302062988,0.0
2010-07-29,9.06876277923584,0.0
2010-07-30,9.157320976257324,0.0
2010-08-02,9.322640419006348,0.0
2010-08-03,9.340350151062012,0.0
2010-08-04,9.358061790466309,0.0
2010-08-05,9.31673812866211,0.0
2010-08-06,9.245885848999023,0.0
2010-08-09,9.464339256286621,0.0
2010-08-10,9.281310081481934,0.0
2010-08-11,9.092378616333008,0.0
2010-08-12,8.956583023071289,0.0
2010-08-13,8.820786476135254,0.0
2010-08-16,8.950679779052734,0.0
2010-08-17,9.245885848999023,0.0
2010-08-18,9.234075546264648,0.0
2010-08-19,8.938872337341309,0.0
2010-08-20,8.921158790588379,0.0
2010-08-23,8.755840301513672,0.0
2010-08-24,8.744029998779297,0.0
2010-08-25,8.992008209228516,0.0
2010-08-26,8.856213569641113,0.0
2010-08-27,8.962483406066895,0.0
2010-08-30,8.868021965026855,0.0
2010-08-31,9.027434349060059,0.0
2010-09-01,9.434816360473633,0.0
2010-09-02,9.417101860046387,0.0
2010-09-03,9.617842674255371,0.0
2010-09-07,9.452532768249512,0.0
2010-09-08,9.47614574432373,0.0
2010-09-09,9.269501686096191,0.0
2010-09-10,9.352161407470703,0.0
2010-09-13,9.61953067779541,0.0
2010-09-14,9.714601516723633,0.0
2010-09-15,9.863142013549805,0.0
2010-09-16,9.809670448303223,0.0
2010-09-17,9.857199668884277,0.0
2010-09-20,10.148340225219727,0.0
2010-09-21,9.845319747924805,0.0
2010-09-22,9.750250816345215,0.0
2010-09-23,9.524468421936035,0.0
2010-09-24,9.922557830810547,0.0
2010-09-27,9.690834045410156,0.0
2010-09-28,9.684891700744629,0.0
2010-09-29,9.655183792114258,0.0
2010-09-30,9.530409812927246,0.0
2010-10-01,9.607651710510254,0.0
2010-10-04,9.643301963806152,0.0
2010-10-05,9.940382957458496,0.0
2010-10-06,9.595768928527832,0.0
2010-10-07,9.494758605957031,0.0
2010-10-08,9.536352157592773,0.0
2010-10-11,9.50664234161377,0.0
2010-10-12,9.530409812927246,0.0
2010-10-13,9.732427597045898,0.0
2010-10-14,9.673008918762207,0.0
2010-10-15,9.50664234161377,0.0
2010-10-18,9.631417274475098,0.0
2010-10-19,9.470993041992188,0.0
2010-10-20,9.607651710510254,0.0
2010-10-21,9.572001457214355,0.0
2010-10-22,9.57794189453125,0.0
2010-10-25,9.643301963806152,0.0
2010-10-26,9.595768928527832,0.0
2010-10-27,9.411574363708496,0.0
2010-10-28,9.399696350097656,0.0
2010-10-29,9.625476837158203,0.0
2010-11-01,9.869083404541016,0.0
2010-11-02,10.01762580871582,0.0
2010-11-03,9.981976509094238,0.0
2010-11-04,10.249348640441895,0.0
2010-11-05,10.290937423706055,0.0
2010-11-08,10.183990478515625,0.0
2010-11-09,9.851258277893066,0.0
2010-11-10,9.863142013549805,0.0
2010-11-11,9.869083404541016,0.0
2010-11-12,9.73836898803711,0.0
2010-11-15,9.595768928527832,0.0
2010-11-16,9.227383613586426,0.0
2010-11-17,9.310568809509277,0.0
2010-11-18,9.334332466125488,0.0
2010-11-19,9.322450637817383,0.0
2010-11-22,9.375923156738281,0.0
2010-11-23,9.292744636535645,0.0
2010-11-24,9.667062759399414,0.0
2010-11-26,9.678953170776367,0.0
2010-11-29,9.625476837158203,0.0
2010-11-30,9.518527030944824,0.0
2010-12-01,9.720541000366211,0.0
2010-12-02,9.857199668884277,0.0
2010-12-03,9.845319747924805,0.0
2010-12-06,9.964151382446289,0.0
2010-12-07,10.237464904785156,0.0
2010-12-08,10.201607704162598,0.0
2010-12-09,10.207582473754883,0.0
2010-12-10,10.327112197875977,0.0
2010-12-13,10.458589553833008,0.0
2010-12-14,10.189657211303711,0.0
2010-12-15,10.076106071472168,0.0
2010-12-16,10.171724319458008,0.0
2010-12-17,10.189657211303711,0.0
2010-12-20,10.26734733581543,0.0
2010-12-21,10.428709983825684,0.0
2010-12-22,10.48249626159668,0.0
2010-12-23,10.374924659729004,0.0
2010-12-27,10.434683799743652,0.0
2010-12-28,10.48249626159668,0.0
2010-12-29,10.500423431396484,0.0
2010-12-30,10.48249626159668,0.0
2010-12-31,10.398826599121094,0.0
2011-01-03,10.691666603088379,0.0
2011-01-04,10.578120231628418,0.0
2011-01-05,10.607995986938477,0.0
2011-01-06,10.458589553833008,0.0
2011-01-07,10.560187339782715,0.0
2011-01-10,10.679716110229492,0.0
2011-01-11,10.679716110229492,0.0
2011-01-12,10.76936149597168,0.0
2011-01-13,10.793266296386719,0.0
2011-01-14,10.960603713989258,0.0
2011-01-18,10.888882637023926,0.0
2011-01-19,10.888882637023926,0.0
2011-01-20,11.032320976257324,0.0
2011-01-21,11.223556518554688,0.0
2011-01-24,11.253443717956543,0.0
2011-01-25,11.3550386428833,0.0
2011-01-26,11.46262264251709,0.0
2011-01-27,11.600069999694824,0.0
2011-01-28,11.366994857788086,0.0
2011-01-31,11.492497444152832,0.0
2011-02-01,11.558237075805664,0.0
2011-02-02,11.659838676452637,0.0
2011-02-03,11.677764892578125,0.0
2011-02-04,11.665811538696289,0.0
2011-02-07,11.803266525268555,0.0
2011-02-08,11.713621139526367,0.0
2011-02-09,11.689713478088379,0.0
2011-02-10,11.755455017089844,0.0
2011-02-11,11.803266525268555,0.0
2011-02-14,11.767410278320312,0.0
2011-02-15,11.468591690063477,0.0
2011-02-16,11.468591690063477,0.0
2011-02-17,11.558237075805664,0.0
2011-02-18,11.594097137451172,0.0
2011-02-22,11.366994857788086,0.0
2011-02-23,11.133916854858398,0.0
2011-02-24,11.223556518554688,0.0
2011-02-25,11.432732582092285,0.0
2011-02-28,11.803266525268555,0.0
2011-03-01,11.516398429870605,0.0
2011-03-02,11.474569320678711,0.0
2011-03-03,11.677764892578125,0.0
2011-03-04,11.815218925476074,0.0
2011-03-07,11.886935234069824,0.0
2011-03-08,12.030363082885742,0.0
2011-03-09,11.946698188781738,0.0
2011-03-10,11.743504524230957,0.0
2011-03-11,11.851847648620605,0.0
2011-03-14,11.803694725036621,0.0
2011-03-15,11.665252685546875,0.0
2011-03-16,11.454577445983887,0.0
2011-03-17,11.496716499328613,0.0
2011-03-18,11.713408470153809,0.0
2011-03-21,12.038442611694336,0.0
2011-03-22,12.026402473449707,0.0
2011-03-23,11.887965202331543,0.0
2011-03-24,11.966208457946777,0.0
2011-03-25,12.056500434875488,0.0
2011-03-28,12.044466018676758,0.0
2011-03-29,12.231060028076172,0.0
2011-03-30,12.556099891662598,0.0
2011-03-31,12.46580982208252,0.0
2011-04-01,12.333391189575195,0.0
2011-04-04,12.255136489868164,0.0
2011-04-05,12.158830642700195,0.0
2011-04-06,12.068537712097168,0.0
2011-04-07,11.875923156738281,0.0
2011-04-08,11.749520301818848,0.0
2011-04-11,11.737483024597168,0.0
2011-04-12,11.653212547302246,0.0
2011-04-13,11.743504524230957,0.0
2011-04-14,12.12873363494873,0.0
2011-04-15,12.255136489868164,0.0
2011-04-18,12.182906150817871,0.0
2011-04-19,12.32736587524414,0.0
2011-04-20,12.513961791992188,0.0
2011-04-21,12.658425331115723,0.0
2011-04-25,12.808910369873047,0.0
2011-04-26,12.91724967956543,0.0
2011-04-27,13.007540702819824,0.0
2011-04-28,13.182096481323242,0.0
2011-04-29,13.025598526000977,0.0
2011-05-02,12.959388732910156,0.0
2011-05-03,12.899192810058594,0.0
2011-05-04,12.778812408447266,0.0
2011-05-05,12.826963424682617,0.0
2011-05-06,12.694538116455078,0.0
2011-05-09,12.857060432434082,0.0
2011-05-10,13.16403865814209,0.0
2011-05-11,12.995498657226562,0.0
2011-05-12,12.742692947387695,0.0
2011-05-13,12.778812408447266,0.0
2011-05-16,12.83298397064209,0.0
2011-05-17,12.79084587097168,0.0
2011-05-18,13.001522064208984,0.0
2011-05-19,12.989484786987305,0.0
2011-05-20,12.694538116455078,0.0
2011-05-23,12.59823226928711,0.0
2011-05-24,12.556099891662598,0.0
2011-05-25,12.676482200622559,0.0
2011-05-26,12.808910369873047,0.0
2011-05-27,12.863080978393555,0.0
2011-05-31,13.097826957702637,0.0
2011-06-01,12.634345054626465,0.0
2011-06-02,12.634345054626465,0.0
2011-06-03,12.526004791259766,0.0
2011-06-06,12.435714721679688,0.0
2011-06-07,12.604249954223633,0.0
2011-06-08,12.592214584350586,0.0
2011-06-09,12.483865737915039,0.0
2011-06-10,12.152809143066406,0.0
2011-06-13,12.043705940246582,0.0
2011-06-14,12.267971992492676,0.0
2011-06-15,12.00128173828125,0.0
2011-06-16,12.037643432617188,0.0
2011-06-17,12.098258018493652,0.0
2011-06-20,12.249791145324707,0.0
2011-06-21,12.383143424987793,0.0
2011-06-22,12.589216232299805,0.0
2011-06-23,12.407379150390625,0.0
2011-06-24,12.413442611694336,0.0
2011-06-27,12.540730476379395,0.0
2011-06-28,12.72862720489502,0.0
2011-06-29,12.861979484558105,0.0
2011-06-30,12.9286470413208,0.0
2011-07-01,13.146855354309082,0.0
2011-07-05,13.298383712768555,0.0
2011-07-06,13.334754943847656,0.0
2011-07-07,13.437799453735352,0.0
2011-07-08,13.35293960571289,0.0
2011-07-11,13.158978462219238,0.0
2011-07-12,13.080183029174805,0.0
2011-07-13,12.940770149230957,0.0
2011-07-14,12.90440559387207,0.0
2011-07-15,13.201407432556152,0.0
2011-07-18,13.007447242736816,0.0
2011-07-19,13.334754943847656,0.0
2011-07-20,13.425666809082031,0.0
2011-07-21,13.377177238464355,0.0
2011-07-22,13.449922561645508,0.0
2011-07-25,13.383246421813965,0.0
2011-07-26,13.35293960571289,0.0
2011-07-27,12.9286470413208,0.0
2011-07-28,12.90440559387207,0.0
2011-07-29,12.886222839355469,0.0
2011-08-01,12.96501636505127,0.0
2011-08-02,12.655895233154297,0.0
2011-08-03,12.734691619873047,0.0
2011-08-04,12.007333755493164,0.0
2011-08-05,11.80125617980957,0.0
2011-08-08,10.813273429870605,1.0
2011-08-09,11.904297828674316,1.0
2011-08-10,11.443641662597656,0.0
2011-08-11,12.134621620178223,0.0
2011-08-12,12.219480514526367,0.0
2011-08-15,12.807424545288086,0.0
2011-08-16,12.722566604614258,0.0
2011-08-17,12.637709617614746,0.0
2011-08-18,11.952791213989258,0.0
2011-08-19,11.72246265411377,0.0
2011-08-22,11.825505256652832,0.0
2011-08-23,12.267971992492676,0.0
2011-08-24,12.516483306884766,0.0
2011-08-25,12.395257949829102,0.0
2011-08-26,12.383143424987793,0.0
2011-08-29,12.589216232299805,0.0
2011-08-30,12.7892427444458,0.0
2011-08-31,13.031692504882812,0.0
2011-09-01,12.89228343963623,0.0
2011-09-02,12.625589370727539,0.0
2011-09-06,12.674072265625,0.0
2011-09-07,13.183219909667969,0.0
2011-09-08,13.098366737365723,0.0
2011-09-09,12.558915138244629,0.0
2011-09-12,12.619522094726562,0.0
2011-09-13,12.637833595275879,0.0
2011-09-14,12.753780364990234,0.0
2011-09-15,13.08329963684082,0.0
2011-09-16,13.156529426574707,0.0
2011-09-19,12.918539047241211,0.0
2011-09-20,12.863618850708008,0.0
2011-09-21,12.174059867858887,0.0
2011-09-22,11.69808292388916,0.0
2011-09-23,11.753005027770996,0.0
2011-09-26,11.978790283203125,0.0
2011-09-27,12.11913776397705,0.0
2011-09-28,11.594340324401855,0.0
2011-09-29,11.728594779968262,0.0
2011-09-30,11.368559837341309,0.0
2011-10-03,10.82545280456543,0.0
2011-10-04,11.643159866333008,0.0
2011-10-05,11.374656677246094,0.0
2011-10-06,11.917769432067871,0.0
2011-10-07,11.374656677246094,0.0
2011-10-10,12.015401840209961,0.0
2011-10-11,11.685873031616211,0.0
2011-10-12,11.7957181930542,0.0
2011-10-13,11.8018217086792,0.0
2011-10-14,12.167962074279785,0.0
2011-10-17,11.942173957824707,0.0
2011-10-18,12.4303560256958,0.0
2011-10-19,12.277798652648926,0.0
2011-10-20,12.357124328613281,0.0
2011-10-21,12.802592277526855,0.0
2011-10-24,13.217548370361328,0.0
2011-10-25,13.07109546661377,0.0
2011-10-26,13.266366958618164,0.0
2011-10-27,13.73624324798584,0.0
2011-10-28,13.925415992736816,0.0
2011-10-31,13.748448371887207,0.0
2011-11-01,13.418927192687988,0.0
2011-11-02,13.833882331848145,0.0
2011-11-03,13.98033332824707,0.0
2011-11-04,13.9376220703125,0.0
2011-11-07,13.968130111694336,0.0
2011-11-08,14.077975273132324,0.0
2011-11-09,13.418927192687988,0.0
2011-11-10,13.583688735961914,0.0
2011-11-11,13.974233627319336,0.0
2011-11-14,13.919309616088867,0.0
2011-11-15,14.212217330932617,0.0
2011-11-16,14.206116676330566,0.0
2011-11-17,13.955924987792969,0.0
2011-11-18,14.285449981689453,0.0
2011-11-21,13.913206100463867,0.0
2011-11-22,13.913206100463867,0.0
2011-11-23,13.577585220336914,0.0
2011-11-25,13.534871101379395,0.0
2011-11-28,13.998640060424805,0.0
2011-11-29,14.05966854095459,0.0
2011-11-30,14.70650863647461,0.0
2011-12-01,14.47461986541748,0.0
2011-12-02,14.694302558898926,0.0
2011-12-05,14.871269226074219,0.0
2011-12-06,14.871269226074219,0.0
2011-12-07,14.865127563476562,0.0
2011-12-08,14.47846508026123,0.0
2011-12-09,14.644181251525879,0.0
2011-12-12,14.42935848236084,0.0
2011-12-13,14.275922775268555,0.0
2011-12-14,14.140905380249023,0.0
2011-12-15,14.288199424743652,0.0
2011-12-16,14.527569770812988,0.0
2011-12-19,14.343437194824219,0.0
2011-12-20,14.6073579788208,0.0
2011-12-21,14.533700942993164,0.0
2011-12-22,14.68714427947998,0.0
2011-12-23,14.901954650878906,0.0
2011-12-27,15.024706840515137,0.0
2011-12-28,14.8958158493042,0.0
2011-12-29,14.98788070678711,0.0
2011-12-30,14.871273040771484,0.0
2012-01-03,14.975607872009277,0.0
2012-01-04,14.730104446411133,0.0
2012-01-05,14.96946907043457,0.0
2012-01-06,14.975607872009277,0.0
2012-01-09,14.908099174499512,0.0
2012-01-10,15.153596878051758,0.0
2012-01-11,15.043126106262207,0.0
2012-01-12,15.036982536315918,0.0
2012-01-13,15.043126106262207,0.0
2012-01-17,15.129042625427246,0.0
2012-01-18,15.184282302856445,0.0
2012-01-19,15.307032585144043,0.0
2012-01-20,15.626188278198242,0.0
2012-01-23,15.589361190795898,0.0
2012-01-24,15.589361190795898,0.0
2012-01-25,15.742793083190918,0.0
2012-01-26,15.834853172302246,0.0
2012-01-27,15.877829551696777,0.0
2012-01-30,15.785764694213867,0.0
2012-01-31,16.154014587402344,0.0
2012-02-01,16.19697380065918,0.0
2012-02-02,16.405656814575195,0.0
2012-02-03,16.694128036499023,0.0
2012-02-06,16.552959442138672,0.0
2012-02-07,16.737077713012695,0.0
2012-02-08,16.663427352905273,0.0
2012-02-09,16.24608039855957,0.0
2012-02-10,15.90237808227539,0.0
2012-02-13,16.368833541870117,0.0
2012-02-14,16.460893630981445,0.0
2012-02-15,16.203113555908203,0.0
2012-02-16,16.4915828704834,0.0
2012-02-17,16.424062728881836,0.0
2012-02-21,16.166288375854492,0.0
2012-02-22,16.031269073486328,0.0
2012-02-23,16.49771499633789,0.0
2012-02-24,16.35655403137207,0.0
2012-02-27,16.50385284423828,0.0
2012-02-28,16.264493942260742,0.0
2012-02-29,16.184709548950195,0.0
2012-03-01,16.332002639770508,0.0
2012-03-02,16.19084358215332,0.0
2012-03-05,16.35655403137207,0.0
2012-03-06,16.160158157348633,0.0
2012-03-07,16.332002639770508,0.0
2012-03-08,16.111055374145508,0.0
2012-03-09,16.17243003845215,0.0
2012-03-12,16.38724708557129,0.0
2012-03-13,16.733537673950195,0.0
2012-03-14,16.745908737182617,0.0
2012-03-15,16.85103416442871,0.0
2012-03-16,17.0612850189209,0.0
2012-03-19,17.25298500061035,0.0
2012-03-20,17.166410446166992,0.0
2012-03-21,17.104568481445312,0.0
2012-03-22,16.94379234313965,0.0
2012-03-23,17.240615844726562,0.0
2012-03-26,17.605466842651367,0.0
2012-03-27,17.568361282348633,0.0
2012-03-28,17.57454490661621,0.0
2012-03-29,17.61783218383789,0.0
2012-03-30,17.8033447265625,0.0
2012-04-02,17.95794677734375,0.0
2012-04-03,17.61783218383789,0.0
2012-04-04,17.58072853088379,0.0
2012-04-05,17.797163009643555,0.0
2012-04-09,17.50652503967285,0.0
2012-04-10,16.99325942993164,0.0
2012-04-11,17.3148250579834,0.0
2012-04-12,17.463237762451172,0.0
2012-04-13,17.481792449951172,0.0
2012-04-16,17.865182876586914,0.0
2012-04-17,17.555994033813477,0.0
2012-04-18,17.48797035217285,0.0
2012-04-19,17.6240177154541,0.0
2012-04-20,17.988862991333008,0.0
2012-04-23,17.90228843688965,0.0
2012-04-24,18.34134292602539,0.0
2012-04-25,18.520675659179688,0.0
2012-04-26,18.62580108642578,0.0
2012-04-27,18.848417282104492,0.0
2012-04-30,18.76803207397461,0.0
2012-05-01,18.681455612182617,0.0
2012-05-02,18.95973014831543,0.0
2012-05-03,18.823684692382812,0.0
2012-05-04,18.60106658935547,0.0
2012-05-07,18.780397415161133,0.0
2012-05-08,18.73711585998535,0.0
2012-05-09,18.53304672241211,0.0
2012-05-10,18.483566284179688,0.0
2012-05-11,18.576332092285156,0.0
2012-05-14,18.19911766052246,0.0
2012-05-15,18.174379348754883,0.0
2012-05-16,18.06925392150879,0.0
2012-05-17,17.562175750732422,0.0
2012-05-18,17.38903045654297,0.0
2012-05-21,17.50652503967285,0.0
2012-05-22,17.382848739624023,0.0
2012-05-23,17.246801376342773,0.0
2012-05-24,17.395212173461914,0.0
2012-05-25,17.45704460144043,0.0
2012-05-29,17.790983200073242,0.0
2012-05-30,17.333372116088867,0.0
2012-05-31,17.537443161010742,0.0
2012-06-01,17.12930679321289,0.0
2012-06-04,17.203516006469727,0.0
2012-06-05,17.48797035217285,0.0
2012-06-06,17.914655685424805,0.0
2012-06-07,17.72295379638672,0.0
2012-06-08,17.92084312438965,0.0
2012-06-11,17.395212173461914,0.0
2012-06-12,17.72295379638672,0.0
2012-06-13,17.654455184936523,0.0
2012-06-14,18.009414672851562,0.0
2012-06-15,18.17754554748535,0.0
2012-06-18,18.152637481689453,0.0
2012-06-19,18.320781707763672,0.0
2012-06-20,18.432872772216797,0.0
2012-06-21,18.084144592285156,0.0
2012-06-22,18.009414672851562,0.0
2012-06-25,18.158870697021484,0.0
2012-06-26,18.17754554748535,0.0
2012-06-27,18.053009033203125,0.0
2012-06-28,18.264732360839844,0.0
2012-06-29,19.055601119995117,0.0
2012-07-02,19.049373626708984,0.0
2012-07-03,19.211286544799805,0.0
2012-07-05,19.012014389038086,0.0
2012-07-06,19.267335891723633,0.0
2012-07-09,19.373197555541992,0.0
2012-07-10,19.161466598510742,0.0
2012-07-11,19.117877960205078,0.0
2012-07-12,19.410564422607422,0.0
2012-07-13,19.61606216430664,0.0
2012-07-16,19.709468841552734,0.0
2012-07-17,20.06442642211914,0.0
2012-07-18,20.008384704589844,0.0
2012-07-19,19.840248107910156,0.0
2012-07-20,19.815340042114258,0.0
2012-07-23,19.603609085083008,0.0
2012-07-24,19.535112380981445,0.0
2012-07-25,19.62229347229004,0.0
2012-07-26,19.890066146850586,0.0
2012-07-27,20.058202743530273,0.0
2012-07-30,19.971017837524414,0.0
2012-07-31,20.388248443603516,0.0
2012-08-01,20.487884521484375,0.0
2012-08-02,20.71830177307129,0.0
2012-08-03,20.83039093017578,0.0
2012-08-06,20.687164306640625,0.0
2012-08-07,20.64357566833496,0.0
2012-08-08,20.537708282470703,0.0
2012-08-09,20.52524757385254,0.0
2012-08-10,20.51902198791504,0.0
2012-08-13,20.531484603881836,0.0
2012-08-14,20.668468475341797,0.0
2012-08-15,20.961158752441406,0.0
2012-08-16,21.060806274414062,0.0
2012-08-17,20.930025100708008,0.0
2012-08-20,20.92380142211914,0.0
2012-08-21,20.811704635620117,0.0
2012-08-22,20.774343490600586,0.0
2012-08-23,20.668468475341797,0.0
2012-08-24,20.743209838867188,0.0
2012-08-27,20.936254501342773,0.0
2012-08-28,21.0794734954834,0.0
2012-08-29,21.20402717590332,0.0
2012-08-30,21.19780921936035,0.0
2012-08-31,21.24139404296875,0.0
2012-09-04,21.309898376464844,0.0
2012-09-05,21.179119110107422,0.0
2012-09-06,21.353485107421875,0.0
2012-09-07,21.353485107421875,0.0
2012-09-10,21.291217803955078,0.0
2012-09-11,21.26007843017578,0.0
2012-09-12,21.22894287109375,0.0
2012-09-13,21.642364501953125,0.0
2012-09-14,21.83655548095703,0.0
2012-09-17,21.57973289489746,0.0
2012-09-18,21.29784393310547,0.0
2012-09-19,21.210147857666016,0.0
2012-09-20,20.928264617919922,0.0
2012-09-21,20.85309600830078,0.0
2012-09-24,20.840572357177734,0.0
2012-09-25,20.771665573120117,0.0
2012-09-26,20.815507888793945,0.0
2012-09-27,20.89693832397461,0.0
2012-09-28,20.828048706054688,0.0
2012-10-01,20.62759017944336,0.0
2012-10-02,20.677703857421875,0.0
2012-10-03,20.84682846069336,0.0
2012-10-04,20.947057723999023,0.0
2012-10-05,21.172561645507812,0.0
2012-10-08,21.235206604003906,0.0
2012-10-09,21.29784393310547,0.0
2012-10-10,21.379276275634766,0.0
2012-10-11,21.266521453857422,0.0
2012-10-12,21.26026153564453,0.0
2012-10-15,21.492033004760742,0.0
2012-10-16,21.416866302490234,0.0
2012-10-17,21.235206604003906,0.0
2012-10-18,21.091123580932617,0.0
2012-10-19,20.947057723999023,0.0
2012-10-22,20.85309600830078,0.0
2012-10-23,20.821779251098633,0.0
2012-10-24,20.884416580200195,0.0
2012-10-25,20.746606826782227,0.0
2012-10-26,20.734073638916016,0.0
2012-10-31,21.604785919189453,0.0
2012-11-01,21.75511932373047,0.0
2012-11-02,21.874134063720703,0.0
2012-11-05,21.830291748046875,0.0
2012-11-06,21.8553466796875,0.0
2012-11-07,22.162288665771484,0.0
2012-11-08,22.055805206298828,0.0
2012-11-09,22.105911254882812,0.0
2012-11-12,22.074596405029297,0.0
2012-11-13,22.130966186523438,0.0
2012-11-14,21.723796844482422,0.0
2012-11-15,21.679954528808594,0.0
2012-11-16,21.498294830322266,0.0
2012-11-19,22.074596405029297,0.0
2012-11-20,22.325157165527344,0.0
2012-11-21,22.462961196899414,0.0
2012-11-23,22.544404983520508,0.0
2012-11-26,22.52560043334961,0.0
2012-11-27,22.26877784729004,0.0
2012-11-28,22.181081771850586,0.0
2012-11-29,22.218664169311523,0.0
2012-11-30,22.018207550048828,0.0
2012-12-03,22.431644439697266,0.0
2012-12-04,22.318885803222656,0.0
2012-12-05,22.00568199157715,0.0
2012-12-06,22.207569122314453,0.0
2012-12-07,22.226497650146484,0.0
2012-12-10,22.4157657623291,0.0
2012-12-11,22.213886260986328,0.0
2012-12-12,22.157106399536133,0.0
2012-12-13,22.10663604736328,0.0
2012-12-14,22.169721603393555,0.0
2012-12-17,22.38422393798828,0.0
2012-12-18,22.567184448242188,0.0
2012-12-19,22.78799819946289,0.0
2012-12-20,22.92679214477539,0.0
2012-12-21,22.73122787475586,0.0
2012-12-24,22.775375366210938,0.0
2012-12-26,22.737524032592773,0.0
2012-12-27,22.806926727294922,0.0
2012-12-28,22.605043411254883,0.0
2012-12-31,22.95833396911621,0.0
2013-01-02,23.248554229736328,0.0
2013-01-03,23.437814712524414,0.0
2013-01-04,23.551380157470703,0.0
2013-01-07,23.595548629760742,0.0
2013-01-08,23.437814712524414,0.0
2013-01-09,23.854215621948242,0.0
2013-01-10,23.847902297973633,0.0
2013-01-11,23.746967315673828,0.0
2013-01-14,23.746967315673828,0.0
2013-01-15,23.79112434387207,0.0
2013-01-16,23.92360496520996,0.0
2013-01-17,24.081344604492188,0.0
2013-01-18,24.308469772338867,0.0
2013-01-22,24.34000015258789,0.0
2013-01-23,24.232742309570312,0.0
2013-01-24,24.57343864440918,0.0
2013-01-25,24.806869506835938,0.0
2013-01-28,24.724843978881836,0.0
2013-01-29,25.015056610107422,0.0
2013-01-30,24.983518600463867,0.0
2013-01-31,25.134929656982422,0.0
2013-02-01,25.488245010375977,0.0
2013-02-04,25.488245010375977,0.0
2013-02-05,25.33050537109375,0.0
2013-02-06,25.336820602416992,0.0
2013-02-07,25.216947555541992,0.0
2013-02-08,25.412527084350586,0.0
2013-02-11,25.494543075561523,0.0
2013-02-12,25.45669174194336,0.0
2013-02-13,25.273725509643555,0.0
2013-02-14,24.945676803588867,0.0
2013-02-15,24.415714263916016,0.0
2013-02-19,24.28952980041504,0.0
2013-02-20,24.2264461517334,0.0
2013-02-21,23.86052894592285,0.0
2013-02-22,24.049787521362305,0.0
2013-02-25,23.463064193725586,0.0
2013-02-26,23.52614402770996,0.0
2013-02-27,23.67756462097168,0.0
2013-02-28,23.620771408081055,0.0
2013-03-01,23.671253204345703,0.0
2013-03-04,24.251678466796875,0.0
2013-03-05,24.89519691467285,0.0
2013-03-06,24.71222496032715,0.0
2013-03-07,24.623905181884766,0.0
2013-03-08,24.737455368041992,0.0
2013-03-11,24.516645431518555,0.0
2013-03-12,24.548200607299805,0.0
2013-03-13,24.20530891418457,0.0
2013-03-14,24.20530891418457,0.0
2013-03-15,24.211658477783203,0.0
2013-03-18,24.38944435119629,0.0
2013-03-19,24.262462615966797,0.0
2013-03-20,24.535490036010742,0.0
2013-03-21,24.395801544189453,0.0
2013-03-22,24.821237564086914,0.0
2013-03-25,24.852996826171875,0.0
2013-03-26,25.07523536682129,0.0
2013-03-27,25.011737823486328,0.0
2013-03-28,24.93553352355957,0.0
2013-04-01,25.043485641479492,0.0
2013-04-02,25.151426315307617,0.0
2013-04-03,24.88473129272461,0.0
2013-04-04,25.07523536682129,0.0
2013-04-05,25.240325927734375,0.0
2013-04-08,25.475269317626953,0.0
2013-04-09,25.735607147216797,0.0
2013-04-10,26.091201782226562,0.0
2013-04-11,26.345182418823242,0.0
2013-04-12,26.37691879272461,0.0
2013-04-15,25.957857131958008,0.0
2013-04-16,26.478527069091797,0.0
2013-04-17,26.161043167114258,0.0
2013-04-18,26.173738479614258,0.0
2013-04-19,26.675378799438477,0.0
2013-04-22,26.364233016967773,0.0
2013-04-23,26.4467830657959,0.0
2013-04-24,26.58012580871582,0.0
2013-04-25,26.46582794189453,0.0
2013-04-26,26.662675857543945,0.0
2013-04-29,27.278596878051758,0.0
2013-04-30,27.67229652404785,0.0
2013-05-01,27.60878562927246,0.0
2013-05-02,27.93897247314453,0.0
2013-05-03,27.983423233032227,0.0
2013-05-06,28.110424041748047,0.0
2013-05-07,28.05962562561035,0.0
2013-05-08,28.085025787353516,0.0
2013-05-09,28.09772491455078,0.0
2013-05-10,27.761180877685547,0.0
2013-05-13,27.83736801147461,0.0
2013-05-14,27.83736801147461,0.0
2013-05-15,28.148517608642578,0.0
2013-05-16,27.9580135345459,0.0
2013-05-17,28.237415313720703,0.0
2013-05-20,28.20566177368164,0.0
2013-05-21,28.542200088500977,0.0
2013-05-22,27.691335678100586,0.0
2013-05-23,27.545286178588867,0.0
2013-05-24,27.583385467529297,0.0
2013-05-28,27.35480308532715,0.0
2013-05-29,26.789669036865234,0.0
2013-05-30,26.98015785217285,0.0
2013-05-31,26.599172592163086,0.0
2013-06-03,26.821414947509766,0.0
2013-06-04,26.56743621826172,0.0
2013-06-05,26.60552406311035,0.0
2013-06-06,27.126209259033203,0.0
2013-06-07,27.253204345703125,0.0
2013-06-10,27.03731346130371,0.0
2013-06-11,26.73887062072754,0.0
2013-06-12,26.29012107849121,0.0
2013-06-13,26.905548095703125,0.0
2013-06-14,27.123512268066406,0.0
2013-06-17,27.463281631469727,0.0
2013-06-18,28.014596939086914,0.0
2013-06-19,26.98246955871582,0.0
2013-06-20,25.9567813873291,0.0
2013-06-21,26.847848892211914,0.0
2013-06-24,26.443973541259766,0.0
2013-06-25,26.72604751586914,0.0
2013-06-26,26.82221794128418,0.0
2013-06-27,27.09786605834961,0.0
2013-06-28,26.879901885986328,0.0
2013-07-01,26.764509201049805,0.0
2013-07-02,27.64917755126953,0.0
2013-07-03,27.444042205810547,0.0
2013-07-05,27.386350631713867,0.0
2013-07-08,27.469676971435547,0.0
2013-07-09,27.713289260864258,0.0
2013-07-10,27.341472625732422,0.0
2013-07-11,27.944087982177734,0.0
2013-07-12,27.86714744567871,0.0
2013-07-15,28.078697204589844,0.0
2013-07-16,28.001771926879883,0.0
2013-07-17,28.129980087280273,0.0
2013-07-18,28.206907272338867,0.0
2013-07-19,28.469743728637695,0.0
2013-07-22,28.597959518432617,0.0
2013-07-23,28.412052154541016,0.0
2013-07-24,27.770986557006836,0.0
2013-07-25,27.854326248168945,0.0
2013-07-26,27.67482566833496,0.0
2013-07-29,27.68124771118164,0.0
2013-07-30,27.392759323120117,0.0
2013-07-31,26.956836700439453,0.0
2013-08-01,27.738924026489258,0.0
2013-08-02,27.373533248901367,0.0
2013-08-05,27.873558044433594,0.0
2013-08-06,27.822275161743164,0.0
2013-08-07,27.662006378173828,0.0
2013-08-08,27.75175666809082,0.0
2013-08-09,28.027416229248047,0.0
2013-08-12,27.80304527282715,0.0
2013-08-13,27.655588150024414,0.0
2013-08-14,27.854326248168945,0.0
2013-08-15,27.0273494720459,0.0
2013-08-16,26.392690658569336,0.0
2013-08-19,26.052932739257812,0.0
2013-08-20,26.802980422973633,0.0
2013-08-21,26.681167602539062,0.0
2013-08-22,26.950416564941406,0.0
2013-08-23,27.283777236938477,0.0
2013-08-26,27.065807342529297,0.0
2013-08-27,26.552959442138672,0.0
2013-08-28,26.514495849609375,0.0
2013-08-29,26.610652923583984,0.0
2013-08-30,26.431156158447266,0.0
2013-09-03,25.918306350708008,0.0
2013-09-04,26.16192054748535,0.0
2013-09-05,26.29012107849121,0.0
2013-09-06,26.92477798461914,0.0
2013-09-09,27.379928588867188,0.0
2013-09-10,27.783817291259766,0.0
2013-09-11,28.18769073486328,0.0
2013-09-12,28.10356903076172,0.0
2013-09-13,28.498207092285156,0.0
2013-09-16,28.62112808227539,0.0
2013-09-17,28.575855255126953,0.0
2013-09-18,29.79212760925293,0.0
2013-09-19,30.2191162109375,0.0
2013-09-20,30.141468048095703,0.0
2013-09-23,29.966796875,0.0
2013-09-24,29.604507446289062,0.0
2013-09-25,29.9409236907959,0.0
2013-09-26,30.1091251373291,0.0
2013-09-27,29.766237258911133,0.0
2013-09-30,29.5980224609375,0.0
2013-10-01,30.257925033569336,0.0
2013-10-02,30.037960052490234,0.0
2013-10-03,29.565683364868164,0.0
2013-10-04,29.7597713470459,0.0
2013-10-07,29.805063247680664,0.0
2013-10-08,29.610980987548828,0.0
2013-10-09,29.449234008789062,0.0
2013-10-10,30.342023849487305,0.0
2013-10-11,30.89838981628418,0.0
2013-10-14,30.58786392211914,0.0
2013-10-15,30.445533752441406,0.0
2013-10-16,30.96310806274414,0.0
2013-10-17,31.448320388793945,0.0
2013-10-18,31.331857681274414,0.0
2013-10-21,31.163660049438477,0.0
2013-10-22,31.027801513671875,0.0
2013-10-23,31.286577224731445,0.0
2013-10-24,31.189538955688477,0.0
2013-10-25,31.474191665649414,0.0
2013-10-28,31.435380935668945,0.0
2013-10-29,30.613744735717773,0.0
2013-10-30,29.889171600341797,0.0
2013-10-31,29.753307342529297,0.0
2013-11-01,29.837392807006836,0.0
2013-11-04,30.238506317138672,0.0
2013-11-05,29.306909561157227,0.0
2013-11-06,29.16458511352539,0.0
2013-11-07,28.232973098754883,0.0
2013-11-08,27.534259796142578,0.0
2013-11-11,27.68952751159668,1.0
2013-11-12,27.644241333007812,0.0
2013-11-13,27.805980682373047,0.0
2013-11-14,27.851255416870117,0.0
2013-11-15,27.73481559753418,0.0
2013-11-18,27.152557373046875,0.0
2013-11-19,26.453847885131836,1.0
2013-11-20,26.376218795776367,1.0
2013-11-21,26.667343139648438,1.0
2013-11-22,27.049047470092773,1.0
2013-11-25,27.159029006958008,0.0
2013-11-26,26.900249481201172,0.0
2013-11-27,27.33370018005371,0.0
2013-11-29,27.120201110839844,0.0
2013-12-02,27.061988830566406,0.0
2013-12-03,27.049047470092773,0.0
2013-12-04,26.91965103149414,0.0
2013-12-05,27.24959945678711,0.0
2013-12-06,27.469562530517578,0.0
2013-12-09,27.41133689880371,0.0
2013-12-10,27.23666763305664,0.0
2013-12-11,26.60309600830078,0.0
2013-12-12,26.40060806274414,0.0
2013-12-13,26.446353912353516,0.0
2013-12-16,26.622684478759766,0.0
2013-12-17,26.844768524169922,0.0
2013-12-18,27.315038681030273,0.0
2013-12-19,27.465269088745117,0.0
2013-12-20,27.844099044799805,0.0
2013-12-23,27.615480422973633,0.0
2013-12-24,27.5501766204834,0.0
2013-12-26,27.45220375061035,0.0
2013-12-27,27.413013458251953,0.0
2013-12-30,27.635087966918945,0.0
2013-12-31,27.517515182495117,0.0
2014-01-02,27.29543685913086,0.0
2014-01-03,27.49138641357422,0.0
2014-01-06,27.608959197998047,0.0
2014-01-07,27.5240535736084,0.0
2014-01-08,27.413013458251953,0.0
2014-01-09,27.752653121948242,0.0
2014-01-10,28.458057403564453,0.0
2014-01-13,28.281721115112305,0.0
2014-01-14,28.719337463378906,0.0
2014-01-15,29.16347312927246,0.0
2014-01-16,28.987123489379883,0.0
2014-01-17,28.725866317749023,0.0
2014-01-21,28.81728744506836,0.0
2014-01-22,28.68012809753418,0.0
2014-01-23,28.758506774902344,0.0
2014-01-24,28.4776554107666,0.0
2014-01-27,28.51030731201172,0.0
2014-01-28,29.16347312927246,0.0
2014-01-29,29.156930923461914,0.0
2014-01-30,29.62067413330078,0.0
2014-01-31,29.823162078857422,0.0
2014-02-03,28.993648529052734,0.0
2014-02-04,29.640274047851562,0.0
2014-02-05,29.581504821777344,0.0
2014-02-06,29.777446746826172,0.0
2014-02-07,30.058292388916016,0.0
2014-02-10,30.639617919921875,0.0
2014-02-11,30.783296585083008,0.0
2014-02-12,30.783296585083008,0.0
2014-02-13,30.946592330932617,0.0
2014-02-14,30.82901954650879,0.0
2014-02-18,31.0184383392334,0.0
2014-02-19,31.024972915649414,0.0
2014-02-20,30.992313385009766,0.0
2014-02-21,31.096824645996094,0.0
2014-02-24,31.05763816833496,0.0
2014-02-25,31.20132064819336,0.0
2014-02-26,31.56055450439453,0.0
2014-02-27,31.364608764648438,0.0
2014-02-28,32.070030212402344,0.0
2014-03-03,31.828351974487305,0.0
2014-03-04,32.40314483642578,0.0
2014-03-05,32.40966796875,0.0
2014-03-06,32.102691650390625,0.0
2014-03-07,31.501773834228516,0.0
2014-03-10,31.521371841430664,0.0
2014-03-11,32.16798782348633,0.0
2014-03-12,32.411643981933594,0.0
2014-03-13,32.345794677734375,0.0
2014-03-14,32.43798828125,0.0
2014-03-17,31.930932998657227,0.0
2014-03-18,31.970439910888672,0.0
2014-03-19,31.311939239501953,0.0
2014-03-20,31.219755172729492,0.0
2014-03-21,31.608266830444336,0.0
2014-03-24,31.34486961364746,0.0
2014-03-25,31.54900360107422,0.0
2014-03-26,31.311939239501953,0.0
2014-03-27,31.34486961364746,0.0
2014-03-28,31.608266830444336,0.0
2014-03-31,31.94411277770996,0.0
2014-04-01,32.563106536865234,0.0
2014-04-02,32.21409606933594,0.0
2014-04-03,31.858497619628906,0.0
2014-04-04,31.772897720336914,0.0
2014-04-07,31.608266830444336,0.0
2014-04-08,31.621440887451172,0.0
2014-04-09,31.766315460205078,0.0
2014-04-10,31.713626861572266,0.0
2014-04-11,31.39096450805664,0.0
2014-04-14,31.9506893157959,0.0
2014-04-15,32.43798828125,0.0
2014-04-16,32.786991119384766,0.0
2014-04-17,32.9055290222168,0.0
2014-04-21,33.10306930541992,0.0
2014-04-22,33.359893798828125,0.0
2014-04-23,33.21501541137695,0.0
2014-04-24,33.46525192260742,0.0
2014-04-25,33.254539489746094,0.0
2014-04-28,33.537689208984375,0.0
2014-04-29,33.88670349121094,0.0
2014-04-30,34.45958709716797,0.0
2014-05-01,34.314727783203125,0.0
2014-05-02,34.334476470947266,0.0
2014-05-05,34.038150787353516,0.0
2014-05-06,33.88010787963867,0.0
2014-05-07,34.222537994384766,0.0
2014-05-08,33.866943359375,0.0
2014-05-09,33.952545166015625,0.0
2014-05-12,34.27522277832031,0.0
2014-05-13,33.80109786987305,0.0
2014-05-14,33.70891189575195,0.0
2014-05-15,33.741825103759766,0.0
2014-05-16,34.15668487548828,0.0
2014-05-19,34.32789611816406,0.0
2014-05-20,34.24888229370117,0.0
2014-05-21,34.12376403808594,0.0
2014-05-22,33.992061614990234,0.0
2014-05-23,34.21595001220703,0.0
2014-05-27,34.7098274230957,0.0
2014-05-28,34.41349411010742,0.0
2014-05-29,34.44643020629883,0.0
2014-05-30,34.4727668762207,0.0
2014-06-02,34.57154083251953,0.0
2014-06-03,34.48594665527344,0.0
2014-06-04,34.690067291259766,0.0
2014-06-05,35.638336181640625,0.0
2014-06-06,35.315650939941406,0.0
2014-06-09,35.302486419677734,0.0
2014-06-10,35.216861724853516,0.0
2014-06-11,35.33646774291992,0.0
2014-06-12,35.09065628051758,0.0
2014-06-13,35.30323791503906,0.0
2014-06-16,34.87142562866211,0.0
2014-06-17,35.12385559082031,0.0
2014-06-18,35.416175842285156,0.0
2014-06-19,36.06059265136719,0.0
2014-06-20,35.98750686645508,0.0
2014-06-23,35.54240036010742,0.0
2014-06-24,35.462684631347656,0.0
2014-06-25,35.33646774291992,0.0
2014-06-26,35.356388092041016,0.0
2014-06-27,35.442752838134766,0.0
2014-06-30,35.37631607055664,0.0
2014-07-01,35.509193420410156,0.0
2014-07-02,35.50254440307617,0.0
2014-07-03,35.30323791503906,0.0
2014-07-07,35.250091552734375,0.0
2014-07-08,35.230167388916016,0.0
2014-07-09,35.190311431884766,0.0
2014-07-10,35.22351837158203,0.0
2014-07-11,35.210243225097656,0.0
2014-07-14,35.56899642944336,0.0
2014-07-15,35.389610290527344,0.0
2014-07-16,35.32982635498047,0.0
2014-07-17,35.12385559082031,0.0
2014-07-18,35.708499908447266,0.0
2014-07-21,35.389610290527344,0.0
2014-07-22,35.5357666015625,0.0
2014-07-23,35.575626373291016,0.0
2014-07-24,35.61548614501953,0.0
2014-07-25,35.21686935424805,0.0
2014-07-28,35.356388092041016,0.0
2014-07-29,35.170379638671875,0.0
2014-07-30,35.2368049621582,0.0
2014-07-31,34.366519927978516,0.0
2014-08-01,34.53924560546875,0.0
2014-08-04,34.57910919189453,0.0
2014-08-05,34.37980651855469,0.0
2014-08-06,34.55918502807617,0.0
2014-08-07,34.65217971801758,0.0
2014-08-08,34.98435974121094,0.0
2014-08-11,35.33646774291992,0.0
2014-08-12,35.422828674316406,0.0
2014-08-13,35.80814743041992,0.0
2014-08-14,35.83472442626953,0.0
2014-08-15,35.77493667602539,0.0
2014-08-18,36.10710144042969,0.0
2014-08-19,36.16024398803711,0.0
2014-08-20,36.266544342041016,0.0
2014-08-21,35.92108917236328,0.0
2014-08-22,35.4892578125,0.0
2014-08-25,34.97107696533203,0.0
2014-08-26,35.02422332763672,0.0
2014-08-27,35.037498474121094,0.0
2014-08-28,35.02422332763672,0.0
2014-08-29,35.01093673706055,0.0
2014-09-02,35.4560546875,0.0
2014-09-03,35.76164627075195,0.0
2014-09-04,35.681915283203125,0.0
2014-09-05,36.087162017822266,0.0
2014-09-08,36.08051300048828,0.0
2014-09-09,35.84800338745117,0.0
2014-09-10,35.32316970825195,0.0
2014-09-11,35.25615310668945,0.0
2014-09-12,33.98263931274414,0.0
2014-09-15,33.71452713012695,0.0
2014-09-16,34.317771911621094,1.0
2014-09-17,34.6864128112793,0.0
2014-09-18,34.50544357299805,0.0
2014-09-19,34.48534393310547,0.0
2014-09-22,34.23734664916992,0.0
2014-09-23,34.143497467041016,0.0
2014-09-24,34.09658432006836,0.0
2014-09-25,33.94912338256836,0.0
2014-09-26,34.54566192626953,0.0
2014-09-29,34.69982147216797,0.0
2014-09-30,34.565773010253906,0.0
2014-10-01,34.46522903442383,0.0
2014-10-02,34.64619827270508,0.0
2014-10-03,34.65290451049805,0.0
2014-10-06,34.867393493652344,0.0
2014-10-07,34.572479248046875,0.0
2014-10-08,35.403602600097656,0.0
2014-10-09,35.64491271972656,0.0
2014-10-10,35.7856559753418,0.0
2014-10-13,35.92641067504883,0.0
2014-10-14,36.94521713256836,0.0
2014-10-15,36.82456970214844,0.0
2014-10-16,37.01225280761719,0.0
2014-10-17,36.744144439697266,0.0
2014-10-20,37.1798210144043,0.0
2014-10-21,37.70262908935547,0.0
2014-10-22,37.72945022583008,0.0
2014-10-23,37.94392395019531,0.0
2014-10-24,37.669105529785156,0.0
2014-10-27,38.031063079833984,0.0
2014-10-28,38.18522644042969,0.0
2014-10-29,37.99085235595703,0.0
2014-10-30,38.098087310791016,0.0
2014-10-31,38.982852935791016,0.0
2014-11-03,39.42522048950195,0.0
2014-11-04,39.20402908325195,0.0
2014-11-05,39.244239807128906,0.0
2014-11-06,39.06326675415039,0.0
2014-11-07,39.02306365966797,0.0
2014-11-10,39.311275482177734,0.0
2014-11-11,39.14371109008789,0.0
2014-11-12,38.808570861816406,0.0
2014-11-13,39.18392562866211,0.0
2014-11-14,38.74823760986328,0.0
2014-11-17,38.73483657836914,0.0
2014-11-18,39.036460876464844,0.0
2014-11-19,38.339385986328125,0.0
2014-11-20,38.245540618896484,0.0
2014-11-21,38.80186080932617,0.0
2014-11-24,38.98953628540039,0.0
2014-11-25,39.2978630065918,0.0
2014-11-26,39.7402458190918,0.0
2014-11-28,39.726844787597656,0.0
2014-12-01,39.60619354248047,0.0
2014-12-02,39.92121124267578,0.0
2014-12-03,40.29655456542969,0.0
2014-12-04,40.29655456542969,0.0
2014-12-05,39.84078598022461,0.0
2014-12-08,39.98154067993164,0.0
2014-12-09,40.1759147644043,0.0
2014-12-10,39.800575256347656,0.0
2014-12-11,39.83434295654297,0.0
2014-12-12,39.37492370605469,0.0
2014-12-15,38.814170837402344,0.0
2014-12-16,38.71282958984375,0.0
2014-12-17,39.611392974853516,0.0
2014-12-18,39.82759094238281,0.0
2014-12-19,39.766788482666016,0.0
2014-12-22,40.38835144042969,0.0
2014-12-23,40.15864562988281,0.0
2014-12-24,40.03028106689453,0.0
2014-12-26,40.09783172607422,0.0
2014-12-29,40.46943664550781,0.0
2014-12-30,40.42213439941406,0.0
2014-12-31,39.6181526184082,0.0
2015-01-02,39.820838928222656,0.0
2015-01-05,40.699127197265625,0.0
2015-01-06,41.584205627441406,0.0
2015-01-07,42.18549728393555,0.0
2015-01-08,42.8205680847168,0.0
2015-01-09,42.65841293334961,0.0
2015-01-12,43.266483306884766,0.0
2015-01-13,43.31376647949219,0.0
2015-01-14,43.766441345214844,0.0
2015-01-15,44.19883728027344,0.0
2015-01-16,45.063621520996094,0.0
2015-01-20,44.77986145019531,0.0
2015-01-21,44.685279846191406,0.0
2015-01-22,45.23252487182617,0.0
2015-01-23,44.928497314453125,0.0
2015-01-26,45.083892822265625,0.0
2015-01-27,45.17172622680664,0.0
2015-01-28,45.421695709228516,0.0
2015-01-29,45.52980041503906,0.0
2015-01-30,44.590702056884766,0.0
2015-02-02,44.69203567504883,0.0
2015-02-03,45.043357849121094,0.0
2015-02-04,45.043357849121094,0.0
2015-02-05,45.92164993286133,0.0
2015-02-06,44.70555877685547,0.0
2015-02-09,44.219112396240234,0.0
2015-02-10,44.063720703125,0.0
2015-02-11,43.840755462646484,0.0
2015-02-12,44.35422134399414,0.0
2015-02-13,44.138038635253906,0.0
2015-02-17,43.71238708496094,0.0
2015-02-18,44.219112396240234,0.0
2015-02-19,43.077308654785156,0.0
2015-02-20,44.30018615722656,0.0
2015-02-23,44.63798522949219,0.0
2015-02-24,44.15829849243164,0.0
2015-02-25,44.820396423339844,0.0
2015-02-26,44.219112396240234,0.0
2015-02-27,44.44204330444336,0.0
2015-03-02,44.92173767089844,0.0
2015-03-03,44.74608612060547,0.0
2015-03-04,44.12451171875,0.0
2015-03-05,44.48936080932617,0.0
2015-03-06,43.388099670410156,0.0
2015-03-09,43.46240997314453,0.0
2015-03-10,43.205684661865234,0.0
2015-03-11,43.2462158203125,0.0
2015-03-12,44.18546676635742,0.0
2015-03-13,44.02210998535156,0.0
2015-03-16,44.280757904052734,0.0
2015-03-17,44.31477355957031,0.0
2015-03-18,45.29486083984375,0.0
2015-03-19,45.553497314453125,0.0
2015-03-20,47.112098693847656,0.0
2015-03-23,47.16654968261719,0.0
2015-03-24,46.567604064941406,0.0
2015-03-25,45.6964225769043,0.0
2015-03-26,45.77130126953125,0.0
2015-03-27,45.587528228759766,0.0
2015-03-30,46.45872497558594,0.0
2015-03-31,45.98909378051758,0.0
2015-04-01,45.832542419433594,0.0
2015-04-02,46.19327926635742,0.0
2015-04-06,46.55398941040039,0.0
2015-04-07,46.097991943359375,0.0
2015-04-08,46.42467498779297,0.0
2015-04-09,45.53987503051758,0.0
2015-04-10,45.65559387207031,0.0
2015-04-13,45.526268005371094,0.0
2015-04-14,45.580718994140625,0.0
2015-04-15,44.99538803100586,0.0
2015-04-16,45.06344985961914,0.0
2015-04-17,44.79801559448242,0.0
2015-04-20,45.07026672363281,0.0
2015-04-21,45.519466400146484,0.0
2015-04-22,45.580718994140625,0.0
2015-04-23,45.82572555541992,0.0
2015-04-24,46.01631164550781,0.0
2015-04-27,45.45821762084961,0.0
2015-04-28,45.49905014038086,0.0
2015-04-29,44.30116653442383,0.0
2015-04-30,44.87288284301758,0.0
2015-05-01,45.28125762939453,0.0
2015-05-04,45.410560607910156,0.0
2015-05-05,44.68912124633789,0.0
2015-05-06,44.62785720825195,0.0
2015-05-07,45.59432601928711,0.0
2015-05-08,46.62887191772461,0.0
2015-05-11,46.31578826904297,0.0
2015-05-12,46.901123046875,0.0
2015-05-13,46.65609359741211,0.0
2015-05-14,48.03093338012695,0.0
2015-05-15,49.15394973754883,0.0
2015-05-18,48.745574951171875,0.0
2015-05-19,48.41887664794922,0.0
2015-05-20,48.330406188964844,0.0
2015-05-21,47.956058502197266,0.0
2015-05-22,48.17386245727539,0.0
2015-05-26,48.058162689208984,0.0
2015-05-27,48.29636764526367,0.0
2015-05-28,48.07857131958008,0.0
2015-05-29,47.663394927978516,0.0
2015-06-01,47.853973388671875,0.0
2015-06-02,47.078067779541016,0.0
2015-06-03,46.417869567871094,0.0
2015-06-04,46.023109436035156,0.0
2015-06-05,45.32208251953125,0.0
2015-06-08,45.21318817138672,0.0
2015-06-09,44.804832458496094,0.0
2015-06-10,45.288063049316406,0.0
2015-06-11,46.07776641845703,0.0
2015-06-12,46.14643478393555,0.0
2015-06-15,46.07776641845703,0.0
2015-06-16,47.01856231689453,0.0
2015-06-17,47.135276794433594,0.0
2015-06-18,47.760189056396484,0.0
2015-06-19,47.31382369995117,0.0
2015-06-22,46.798797607421875,0.0
2015-06-23,46.11897659301758,0.0
2015-06-24,45.49406814575195,0.0
2015-06-25,44.917236328125,0.0
2015-06-26,45.075172424316406,0.0
2015-06-29,44.66314697265625,0.0
2015-06-30,44.78677749633789,0.0
2015-07-01,45.892337799072266,0.0
2015-07-02,46.2906379699707,0.0
2015-07-06,46.228851318359375,0.0
2015-07-07,47.066619873046875,0.0
2015-07-08,47.25203323364258,0.0
2015-07-09,47.31382369995117,0.0
2015-07-10,47.7807731628418,0.0
2015-07-13,47.86319351196289,0.0
2015-07-14,47.77392578125,0.0
2015-07-15,47.77392578125,0.0
2015-07-16,48.323272705078125,0.0
2015-07-17,48.18593978881836,0.0
2015-07-20,48.60483169555664,0.0
2015-07-21,48.261478424072266,0.0
2015-07-22,48.694095611572266,0.0
2015-07-23,48.652889251708984,0.0
2015-07-24,48.74216842651367,0.0
2015-07-27,48.87264633178711,0.0
2015-07-28,48.749053955078125,0.0
2015-07-29,48.85891342163086,0.0
2015-07-30,50.01255798339844,0.0
2015-07-31,50.48638153076172,0.0
2015-08-03,51.104434967041016,0.0
2015-08-04,51.02888870239258,0.0
2015-08-05,51.28984451293945,0.0
2015-08-06,51.7361946105957,0.0
2015-08-07,51.98341369628906,0.0
2015-08-10,51.70872497558594,0.0
2015-08-11,52.26496124267578,0.0
2015-08-12,52.67012023925781,0.0
2015-08-13,53.04779815673828,0.0
2015-08-14,53.871829986572266,0.0
2015-08-17,54.04350280761719,0.0
2015-08-18,53.926753997802734,0.0
2015-08-19,53.871829986572266,0.0
2015-08-20,53.480411529541016,0.0
2015-08-21,52.55339050292969,0.0
2015-08-24,49.59368896484375,0.0
2015-08-25,48.08980178833008,0.0
2015-08-26,49.51813888549805,0.0
2015-08-27,50.70613479614258,0.0
2015-08-28,50.9052734375,0.0
2015-08-31,50.458919525146484,0.0
2015-09-01,49.779083251953125,0.0
2015-09-02,50.52074432373047,0.0
2015-09-03,50.3353271484375,0.0
2015-09-04,49.0443115234375,0.0
2015-09-08,50.184242248535156,0.0
2015-09-09,49.37394714355469,0.0
2015-09-10,49.422000885009766,0.0
2015-09-11,50.522884368896484,0.0
2015-09-14,50.578285217285156,0.0
2015-09-15,51.80377960205078,0.0
2015-09-16,51.25679397583008,0.0
2015-09-17,52.10842514038086,0.0
2015-09-18,52.26076889038086,0.0
2015-09-21,53.03622055053711,0.0
2015-09-22,52.35770034790039,0.0
2015-09-23,52.86313247680664,0.0
2015-09-24,52.35078048706055,0.0
2015-09-25,52.80772399902344,0.0
2015-09-28,52.25383758544922,0.0
2015-09-29,53.04314422607422,0.0
2015-09-30,53.42396545410156,0.0
2015-10-01,52.9046745300293,0.0
2015-10-02,53.22317123413086,0.0
2015-10-05,54.164791107177734,0.0
2015-10-06,53.11931610107422,0.0
2015-10-07,52.82157516479492,0.0
2015-10-08,53.55550765991211,0.0
2015-10-09,53.38241195678711,0.0
2015-10-12,54.054019927978516,0.0
2015-10-13,53.333946228027344,0.0
2015-10-14,52.67617416381836,0.0
2015-10-15,53.47936248779297,0.0
2015-10-16,53.527809143066406,0.0
2015-10-19,55.071815490722656,0.0
2015-10-20,55.87498092651367,0.0
2015-10-21,55.937286376953125,0.0
2015-10-22,56.34580612182617,0.0
2015-10-23,55.93035888671875,0.0
2015-10-26,55.8957405090332,0.0
2015-10-27,56.325016021728516,0.0
2015-10-28,55.90958786010742,0.0
2015-10-29,55.95113754272461,0.0
2015-10-30,54.864097595214844,0.0
2015-11-02,55.715728759765625,0.0
2015-11-03,54.80179214477539,0.0
2015-11-04,54.80179214477539,0.0
2015-11-05,54.787940979003906,0.0
2015-11-06,53.66630554199219,0.0
2015-11-09,52.800819396972656,0.0
2015-11-10,53.49319839477539,0.0
2015-11-11,54.144020080566406,0.0
2015-11-12,54.753326416015625,0.0
2015-11-13,54.60792922973633,0.0
2015-11-16,54.95412063598633,0.0
2015-11-17,56.30426025390625,0.0
2015-11-18,56.02730941772461,0.0
2015-11-19,56.06191635131836,0.0
2015-11-20,57.42592239379883,0.0
2015-11-23,57.31514358520508,0.0
2015-11-24,57.072811126708984,0.0
2015-11-25,57.7721061706543,0.0
2015-11-27,58.111358642578125,0.0
2015-11-30,57.986732482910156,0.0
2015-12-01,59.34379959106445,0.0
2015-12-02,58.90068435668945,0.0
2015-12-03,58.409088134765625,0.0
2015-12-04,59.39917755126953,0.0
2015-12-07,59.71767807006836,0.0
2015-12-08,59.92539596557617,0.0
2015-12-09,59.2814826965332,0.0
2015-12-10,58.79682540893555,0.0
2015-12-11,59.45221710205078,0.0
2015-12-14,60.10063171386719,0.0
2015-12-15,60.65840530395508,0.0
2015-12-16,61.82971954345703,0.0
2015-12-17,61.62055587768555,0.0
2015-12-18,61.118560791015625,0.0
2015-12-21,62.11561584472656,0.0
2015-12-22,62.07379150390625,0.0
2015-12-23,61.502037048339844,0.0
2015-12-24,61.51598358154297,0.0
2015-12-28,62.09468078613281,0.0
2015-12-29,62.90345764160156,0.0
2015-12-30,62.37358474731445,0.0
2015-12-31,61.502037048339844,0.0
2016-01-04,61.23011779785156,0.0
2016-01-05,63.02896499633789,0.0
2016-01-06,63.55187225341797,0.0
2016-01-07,62.87556076049805,0.0
2016-01-08,62.68733215332031,0.0
2016-01-11,63.3148193359375,0.0
2016-01-12,63.10565948486328,0.0
2016-01-13,62.43630599975586,0.0
2016-01-14,60.811798095703125,0.0
2016-01-15,59.98209762573242,0.0
2016-01-19,61.70423126220703,0.0
2016-01-20,59.15935516357422,0.0
2016-01-21,59.0687141418457,0.0
2016-01-22,60.90242385864258,0.0
2016-01-25,61.07673263549805,0.0
2016-01-26,63.07080078125,0.0
2016-01-27,61.87158203125,0.0
2016-01-28,62.289886474609375,0.0
2016-01-29,63.23115158081055,0.0
2016-02-01,62.394474029541016,0.0
2016-02-02,63.517024993896484,0.0
2016-02-03,61.60661315917969,0.0
2016-02-04,60.0308952331543,0.0
2016-02-05,56.97010040283203,0.0
2016-02-08,54.676239013671875,0.0
2016-02-09,55.27583694458008,0.0
2016-02-10,55.680233001708984,0.0
2016-02-11,56.39139938354492,0.0
2016-02-12,56.74698257446289,0.0
2016-02-16,57.855567932128906,0.0
2016-02-17,59.21514129638672,0.0
2016-02-18,58.950218200683594,0.0
2016-02-19,60.10063171386719,0.0
2016-02-22,59.95420837402344,0.0
2016-02-23,59.891456604003906,0.0
2016-02-24,57.29081726074219,0.0
2016-02-25,58.94322204589844,0.0
2016-02-26,57.94618225097656,0.0
2016-02-29,57.2768669128418,0.0
2016-03-01,58.73405456542969,0.0
2016-03-02,60.16337203979492,0.0
2016-03-03,59.145423889160156,0.0
2016-03-04,58.55278015136719,0.0
2016-03-07,58.2878532409668,0.0
2016-03-08,58.183265686035156,0.0
2016-03-09,59.229087829589844,0.0
2016-03-10,59.37551498413086,0.0
2016-03-11,61.13776779174805,0.0
2016-03-14,61.27817153930664,0.0
2016-03-15,61.95921325683594,0.0
2016-03-16,63.166786193847656,0.0
2016-03-17,64.0794906616211,0.0
2016-03-18,62.914031982421875,0.0
2016-03-21,62.14174270629883,0.0
2016-03-22,62.23299789428711,0.0
2016-03-23,62.745540618896484,0.0
2016-03-24,63.24401092529297,0.0
2016-03-28,63.981197357177734,0.0
2016-03-29,65.28005981445312,0.0
2016-03-30,64.9500732421875,0.0
2016-03-31,65.6170654296875,0.0
2016-04-01,65.65216064453125,0.0
2016-04-04,65.63811492919922,0.0
2016-04-05,65.03431701660156,0.0
2016-04-06,65.63111114501953,0.0
2016-04-07,65.08346557617188,0.0
2016-04-08,65.70130920410156,0.0
2016-04-11,64.5569076538086,0.0
2016-04-12,64.68328094482422,0.0
2016-04-13,64.23396301269531,0.0
2016-04-14,62.66830825805664,0.0
2016-04-15,63.32124328613281,0.0
2016-04-18,63.580997467041016,0.0
2016-04-19,61.81875228881836,0.0
2016-04-20,61.453704833984375,0.0
2016-04-21,59.95121383666992,0.0
2016-04-22,60.37948226928711,0.0
2016-04-25,60.69542694091797,0.0
2016-04-26,61.22902297973633,0.0
2016-04-27,60.400569915771484,0.0
2016-04-28,60.477779388427734,0.0
2016-04-29,59.64230728149414,0.0
2016-05-02,60.99032211303711,0.0
2016-05-03,62.401512145996094,0.0
2016-05-04,63.48975372314453,0.0
2016-05-05,63.700347900390625,0.0
2016-05-06,64.89391326904297,0.0
2016-05-09,65.53984832763672,0.0
2016-05-10,66.0242919921875,0.0
2016-05-11,64.43757629394531,0.0
2016-05-12,65.5749282836914,0.0
2016-05-13,65.27304077148438,0.0
2016-05-16,65.69429016113281,0.0
2016-05-17,64.64818572998047,0.0
2016-05-18,64.02333068847656,0.0
2016-05-19,63.012325286865234,0.0
2016-05-20,63.911006927490234,0.0
2016-05-23,63.99524688720703,0.0
2016-05-24,64.57096099853516,0.0
2016-05-25,64.77457427978516,0.0
2016-05-26,65.04136657714844,0.0
2016-05-27,65.24496459960938,0.0
2016-05-31,65.27304077148438,0.0
2016-06-01,65.29412078857422,0.0
2016-06-02,65.58197784423828,0.0
2016-06-03,65.6872787475586,0.0
2016-06-06,64.5288314819336,0.0
2016-06-07,64.57096099853516,0.0
2016-06-08,63.88990783691406,0.0
2016-06-09,62.956153869628906,0.0
2016-06-10,62.21196365356445,0.0
2016-06-13,62.098609924316406,0.0
2016-06-14,61.01485061645508,0.0
2016-06-15,61.84360122680664,0.0
2016-06-16,62.26860809326172,0.0
2016-06-17,61.70903778076172,0.0
2016-06-20,61.836544036865234,0.0
2016-06-21,61.850704193115234,0.0
2016-06-22,61.956947326660156,0.0
2016-06-23,61.65237808227539,0.0
2016-06-24,61.531982421875,0.0
2016-06-27,63.96858596801758,0.0
2016-06-28,64.7973403930664,0.0
2016-06-29,64.71231842041016,0.0
2016-06-30,65.54815673828125,0.0
2016-07-01,64.20940399169922,0.0
2016-07-05,66.05104064941406,0.0
2016-07-06,65.49148559570312,0.0
2016-07-07,65.1939926147461,0.0
2016-07-08,66.05104064941406,0.0
2016-07-11,66.34855651855469,0.0
2016-07-12,66.22106170654297,0.0
2016-07-13,66.85147094726562,0.0
2016-07-14,66.66020965576172,0.0
2016-07-15,65.66854858398438,0.0
2016-07-18,65.42774963378906,0.0
2016-07-19,65.33563995361328,0.0
2016-07-20,65.76063537597656,0.0
2016-07-21,65.79603576660156,0.0
2016-07-22,66.3131103515625,0.0
2016-07-25,65.06648254394531,0.0
2016-07-26,64.0323257446289,0.0
2016-07-27,63.678165435791016,0.0
2016-07-28,60.90154266357422,0.0
2016-07-29,60.92987060546875,0.0
2016-08-01,61.3194580078125,0.0
2016-08-02,60.32780075073242,0.0
2016-08-03,58.82616424560547,0.0
2016-08-04,58.0753288269043,1.0
2016-08-05,58.42240524291992,1.0
2016-08-08,58.28782272338867,1.0
2016-08-09,58.71992111206055,1.0
2016-08-10,59.32906723022461,1.0
2016-08-11,59.180328369140625,0.0
2016-08-12,59.10239791870117,0.0
2016-08-15,58.868656158447266,0.0
2016-08-16,58.479061126708984,0.0
2016-08-17,58.49325942993164,0.0
2016-08-18,57.91950988769531,0.0
2016-08-19,57.225337982177734,1.0
2016-08-22,57.622005462646484,1.0
2016-08-23,57.5015983581543,1.0
2016-08-24,57.06950759887695,1.0
2016-08-25,57.36702346801758,1.0
2016-08-26,56.58077621459961,0.0
2016-08-29,57.07660675048828,1.0
2016-08-30,56.949092864990234,0.0
2016-08-31,57.05537033081055,0.0
2016-09-01,57.38117980957031,0.0
2016-09-02,57.98326873779297,0.0
2016-09-06,58.132015228271484,0.0
2016-09-07,58.54991149902344,0.0
2016-09-08,57.9903450012207,0.0
2016-09-09,56.60910415649414,0.0
2016-09-12,55.62453842163086,0.0
2016-09-13,54.494163513183594,0.0
2016-09-14,55.18098068237305,1.0
2016-09-15,55.631710052490234,0.0
2016-09-16,55.23107147216797,0.0
2016-09-19,55.488590240478516,0.0
2016-09-20,55.31690979003906,0.0
2016-09-21,55.553001403808594,0.0
2016-09-22,56.82646179199219,0.0
2016-09-23,57.248573303222656,0.0
2016-09-26,58.22154998779297,0.0
2016-09-27,57.86383819580078,0.0
2016-09-28,58.38608169555664,0.0
2016-09-29,57.892459869384766,0.0
2016-09-30,56.81218719482422,0.0
2016-10-03,55.56016159057617,0.0
2016-10-04,54.866207122802734,0.0
2016-10-05,53.03468322753906,0.0
2016-10-06,53.02037048339844,0.0
2016-10-07,53.99336242675781,0.0
2016-10-10,54.08638000488281,0.0
2016-10-11,53.599876403808594,0.0
2016-10-12,54.20085144042969,0.0
2016-10-13,54.429779052734375,0.0
2016-10-14,54.32246780395508,0.0
2016-10-17,54.580020904541016,0.0
2016-10-18,54.50848388671875,0.0
2016-10-19,54.580020904541016,0.0
2016-10-20,54.565704345703125,0.0
2016-10-21,53.52834701538086,0.0
2016-10-24,53.72150802612305,0.0
2016-10-25,53.857444763183594,0.0
2016-10-26,54.52994155883789,0.0
2016-10-27,50.50206756591797,0.0
2016-10-28,51.57521438598633,1.0
2016-10-31,52.33356857299805,0.0
2016-11-01,50.981414794921875,0.0
2016-11-02,51.167415618896484,0.0
2016-11-03,50.38044357299805,0.0
2016-11-04,51.267581939697266,0.0
2016-11-07,53.00606155395508,0.0
2016-11-08,53.92897415161133,0.0
2016-11-09,54.36539840698242,0.0
2016-11-10,52.54104995727539,0.0
2016-11-11,52.769996643066406,0.0
2016-11-14,53.549781799316406,0.0
2016-11-15,52.50528335571289,0.0
2016-11-16,51.4178352355957,0.0
2016-11-17,50.44483947753906,0.0
2016-11-18,50.51639175415039,0.0
2016-11-21,49.2071647644043,0.0
2016-11-22,49.94403839111328,0.0
2016-11-23,49.82242202758789,0.0
2016-11-25,50.1371955871582,0.0
2016-11-28,50.75962829589844,0.0
2016-11-29,50.68810272216797,0.0
2016-11-30,50.19445037841797,0.0
2016-12-01,49.51478958129883,0.0
2016-12-02,50.208770751953125,0.0
2016-12-05,50.38759994506836,0.0
2016-12-06,51.43928146362305,0.0
2016-12-07,53.08476257324219,0.0
2016-12-08,53.79306411743164,0.0
2016-12-09,53.66426467895508,0.0
2016-12-12,53.47110366821289,0.0
2016-12-13,53.041847229003906,0.0
2016-12-14,52.51959991455078,0.0
2016-12-15,52.33879852294922,0.0
2016-12-16,53.654869079589844,0.0
2016-12-19,54.18997573852539,0.0
2016-12-20,53.72719192504883,0.0
2016-12-21,53.206546783447266,0.0
2016-12-22,53.77055740356445,0.0
2016-12-23,54.0598258972168,0.0
2016-12-27,54.50812530517578,0.0
2016-12-28,53.75611114501953,0.0
2016-12-29,54.65998840332031,0.0
2016-12-30,55.85313415527344,0.0
2017-01-03,55.71574020385742,0.0
2017-01-04,56.01219940185547,0.0
2017-01-05,56.742549896240234,0.0
2017-01-06,57.27042770385742,0.0
2017-01-09,56.59070587158203,0.0
2017-01-10,55.41202163696289,0.0
2017-01-11,53.98028564453125,0.0
2017-01-12,53.372867584228516,0.0
2017-01-13,52.53404235839844,0.0
2017-01-17,52.81604766845703,0.0
2017-01-18,52.910072326660156,0.0
2017-01-19,52.859439849853516,0.0
2017-01-20,53.09085464477539,0.0
2017-01-23,54.23336410522461,0.0
2017-01-24,54.334590911865234,0.0
2017-01-25,53.343929290771484,0.0
2017-01-26,53.49580001831055,0.0
2017-01-27,52.93173599243164,0.0
2017-01-30,52.280948638916016,0.0
2017-01-31,52.100181579589844,0.0
2017-02-01,51.80370330810547,0.0
2017-02-02,52.39665985107422,0.0
2017-02-03,52.79438400268555,0.0
2017-02-06,52.938987731933594,0.0
2017-02-07,53.30777359008789,0.0
2017-02-08,53.647640228271484,0.0
2017-02-09,53.8790397644043,0.0
2017-02-10,54.23336410522461,0.0
2017-02-13,54.12488555908203,0.0
2017-02-14,53.14869689941406,0.0
2017-02-15,53.17763900756836,0.0
2017-02-16,54.13935852050781,0.0
2017-02-17,55.8603515625,0.0
2017-02-21,56.670249938964844,0.0
2017-02-22,56.344825744628906,0.0
2017-02-23,57.22705078125,0.0
2017-02-24,57.480125427246094,0.0
2017-02-27,57.49458312988281,0.0
2017-02-28,57.26318359375,0.0
2017-03-01,57.71875,0.0
2017-03-02,57.42950439453125,0.0
2017-03-03,57.18364715576172,0.0
2017-03-06,57.458431243896484,0.0
2017-03-07,57.11857986450195,0.0
2017-03-08,56.85101318359375,0.0
2017-03-09,55.12277603149414,0.0
2017-03-10,54.04533767700195,0.0
2017-03-13,53.526519775390625,0.0
2017-03-14,54.16957473754883,0.0
2017-03-15,55.17067337036133,0.0
2017-03-16,54.57147979736328,0.0
2017-03-17,55.06838607788086,0.0
2017-03-20,55.07568359375,0.0
2017-03-21,55.031837463378906,0.0
2017-03-22,55.14877700805664,0.0
2017-03-23,55.17067337036133,0.0
2017-03-24,54.83454895019531,0.0
2017-03-27,54.41071701049805,0.0
2017-03-28,54.629947662353516,0.0
2017-03-29,54.1184196472168,0.0
2017-03-30,54.074581146240234,0.0
2017-03-31,54.35954666137695,0.0
2017-04-03,55.199913024902344,0.0
2017-04-04,55.638343811035156,0.0
2017-04-05,56.54448318481445,0.0
2017-04-06,56.7710075378418,0.0
2017-04-07,57.048702239990234,0.0
2017-04-10,57.567508697509766,0.0
2017-04-11,57.494422912597656,0.0
2017-04-12,56.94636535644531,0.0
2017-04-13,57.07060241699219,0.0
2017-04-17,58.77323532104492,0.0
2017-04-18,59.043582916259766,0.0
2017-04-19,58.802459716796875,0.0
2017-04-20,58.91205978393555,0.0
2017-04-21,58.802459716796875,0.0
2017-04-24,57.684425354003906,0.0
2017-04-25,57.4213752746582,0.0
2017-04-26,57.70636749267578,0.0
2017-04-27,55.572593688964844,0.0
2017-04-28,55.192604064941406,0.0
2017-05-01,55.11952590942383,0.0
2017-05-02,53.73844528198242,0.0
2017-05-03,53.2196159362793,0.0
2017-05-04,53.57037353515625,0.0
2017-05-05,53.628822326660156,0.0
2017-05-08,53.497283935546875,0.0
2017-05-09,53.446136474609375,0.0
2017-05-10,53.453460693359375,0.0
2017-05-11,52.98577880859375,0.0
2017-05-12,52.9200325012207,0.0
2017-05-15,53.526519775390625,0.0
2017-05-16,52.45964050292969,0.0
2017-05-17,55.002620697021484,0.0
2017-05-18,55.46299362182617,0.0
2017-05-19,55.89411926269531,0.0
2017-05-22,56.661380767822266,0.0
2017-05-23,56.90983200073242,0.0
2017-05-24,57.501739501953125,0.0
2017-05-25,57.75749588012695,0.0
2017-05-26,56.9975471496582,0.0
2017-05-30,56.391021728515625,0.0
2017-05-31,56.61024475097656,0.0
2017-06-01,55.367984771728516,0.0
2017-06-02,55.87218475341797,0.0
2017-06-05,55.302223205566406,0.0
2017-06-06,54.42534255981445,0.0
2017-06-07,55.41183853149414,0.0
2017-06-08,54.929542541503906,0.0
2017-06-09,54.454559326171875,0.0
2017-06-12,55.13413619995117,0.0
2017-06-13,55.52547836303711,0.0
2017-06-14,55.67314147949219,0.0
2017-06-15,56.69948196411133,0.0
2017-06-16,57.96211624145508,0.0
2017-06-19,57.53384780883789,0.0
2017-06-20,57.807044982910156,0.0
2017-06-21,57.659366607666016,0.0
2017-06-22,57.083431243896484,0.0
2017-06-23,58.146697998046875,0.0
2017-06-26,58.154075622558594,0.0
2017-06-27,57.82180404663086,0.0
2017-06-28,57.555992126464844,0.0
2017-06-29,57.245880126953125,0.0
2017-06-30,57.592933654785156,0.0
2017-07-03,57.95473098754883,0.0
2017-07-05,57.14250946044922,0.0
2017-07-06,56.04971694946289,0.0
2017-07-07,56.507537841796875,0.0
2017-07-10,55.200618743896484,0.0
2017-07-11,54.735416412353516,0.0
2017-07-12,55.69530487060547,0.0
2017-07-13,55.79867172241211,0.0
2017-07-14,56.61827087402344,0.0
2017-07-17,57.149906158447266,0.0
2017-07-18,57.20896530151367,0.0
2017-07-19,58.17621994018555,0.0
2017-07-20,57.762760162353516,0.0
2017-07-21,58.30915451049805,0.0
2017-07-24,58.06548309326172,0.0
2017-07-25,58.685726165771484,0.0
2017-07-26,59.29119873046875,0.0
2017-07-27,56.485355377197266,0.0
2017-07-28,57.53384780883789,0.0
2017-07-31,58.700469970703125,0.0
2017-08-01,58.54542922973633,0.0
2017-08-02,58.52328872680664,0.0
2017-08-03,57.016990661621094,0.0
2017-08-04,57.4083366394043,0.0
2017-08-07,57.4969367980957,0.0
2017-08-08,56.85455322265625,0.0
2017-08-09,56.55182647705078,0.0
2017-08-10,56.28600311279297,0.0
2017-08-11,56.34507369995117,0.0
2017-08-14,56.75856399536133,0.0
2017-08-15,56.5592041015625,0.0
2017-08-16,56.02019119262695,0.0
2017-08-17,56.2564697265625,0.0
2017-08-18,55.18583297729492,0.0
2017-08-21,55.76176071166992,0.0
2017-08-22,55.983272552490234,0.0
2017-08-23,57.34187316894531,0.0
2017-08-24,57.245880126953125,0.0
2017-08-25,56.780723571777344,0.0
2017-08-28,57.053924560546875,0.0
2017-08-29,57.65199279785156,0.0
2017-08-30,57.29018783569336,0.0
2017-08-31,57.319732666015625,0.0
2017-09-01,57.43049240112305,0.0
2017-09-05,57.888267517089844,0.0
2017-09-06,58.6192512512207,0.0
2017-09-07,59.985233306884766,0.0
2017-09-08,60.73102951049805,0.0
2017-09-11,58.870296478271484,0.0
2017-09-12,57.20158767700195,0.0
2017-09-13,57.35665512084961,0.0
2017-09-14,58.45306396484375,0.0
2017-09-15,58.975162506103516,0.0
2017-09-18,59.221309661865234,0.0
2017-09-19,59.25113296508789,0.0
2017-09-20,59.266048431396484,0.0
2017-09-21,59.176544189453125,0.0
2017-09-22,58.840911865234375,0.0
2017-09-25,59.4376106262207,0.0
2017-09-26,59.19893264770508,0.0
2017-09-27,58.20692825317383,0.0
2017-09-28,58.98262023925781,0.0
2017-09-29,59.60914611816406,0.0
2017-10-02,59.37046432495117,0.0
2017-10-03,58.9378547668457,0.0
2017-10-04,59.37046432495117,0.0
2017-10-05,60.011898040771484,0.0
2017-10-06,59.95222091674805,0.0
2017-10-09,59.68373107910156,0.0
2017-10-10,59.81797409057617,0.0
2017-10-11,60.09394836425781,0.0
2017-10-12,60.86964416503906,0.0
2017-10-13,61.690101623535156,0.0
2017-10-16,61.063575744628906,0.0
2017-10-17,61.30225372314453,0.0
2017-10-18,61.10087203979492,0.0
2017-10-19,60.93677520751953,0.0
2017-10-20,60.988975524902344,0.0
2017-10-23,61.063575744628906,0.0
2017-10-24,59.974613189697266,0.0
2017-10-25,60.15361785888672,0.0
2017-10-26,58.699188232421875,0.0
2017-10-27,59.8925895690918,0.0
2017-10-30,60.4818000793457,0.0
2017-10-31,60.8547248840332,0.0
2017-11-01,60.862178802490234,0.0
2017-11-02,61.99590301513672,0.0
2017-11-03,63.427940368652344,0.0
2017-11-06,64.15888977050781,0.0
2017-11-07,63.90529251098633,0.0
2017-11-08,64.15143585205078,0.0
2017-11-09,63.733734130859375,0.0
2017-11-10,64.14396667480469,0.0
2017-11-13,64.79285430908203,0.0
2017-11-14,64.39755249023438,0.0
2017-11-15,63.8978385925293,0.0
2017-11-16,65.03901672363281,0.0
2017-11-17,65.03901672363281,0.0
2017-11-20,65.15087890625,0.0
2017-11-21,65.38212585449219,0.0
2017-11-22,65.2031021118164,0.0
2017-11-24,65.17325592041016,0.0
2017-11-27,65.18818664550781,0.0
2017-11-28,63.55475997924805,0.0
2017-11-29,63.442848205566406,0.0
2017-11-30,63.66661834716797,0.0
2017-12-01,63.54728317260742,0.0
2017-12-04,63.2862434387207,0.0
2017-12-05,63.3011474609375,0.0
2017-12-06,63.7263069152832,0.0
2017-12-07,63.5845832824707,0.0
2017-12-08,64.35279846191406,0.0
2017-12-11,65.5014419555664,0.0
2017-12-12,65.5312728881836,0.0
2017-12-13,65.33733367919922,0.0
2017-12-14,65.17176818847656,0.0
2017-12-15,65.89423370361328,0.0
2017-12-18,65.90929412841797,0.0
2017-12-19,64.8707504272461,0.0
2017-12-20,64.46439361572266,0.0
2017-12-21,64.09562683105469,0.0
2017-12-22,64.81053924560547,0.0
2017-12-26,65.32230377197266,0.0
2017-12-27,65.7813491821289,0.0
2017-12-28,66.04473114013672,0.0
2017-12-29,65.81146240234375,0.0
2018-01-02,64.47943115234375,0.0
2018-01-03,64.6148910522461,0.0
2018-01-04,63.440879821777344,0.0
2018-01-05,63.139869689941406,0.0
2018-01-08,64.09562683105469,0.0
2018-01-09,62.54535675048828,0.0
2018-01-10,61.9809455871582,0.0
2018-01-11,61.89816665649414,0.0
2018-01-12,61.89816665649414,0.0
2018-01-16,62.24433135986328,0.0
2018-01-17,62.808753967285156,0.0
2018-01-18,62.23678970336914,0.0
2018-01-19,62.94420623779297,0.0
2018-01-22,64.08057403564453,0.0
2018-01-23,65.26205444335938,0.0
2018-01-24,64.37405395507812,0.0
2018-01-25,63.96770477294922,0.0
2018-01-26,63.373165130615234,0.0
2018-01-29,62.30451583862305,0.0
2018-01-30,62.39482116699219,0.0
2018-01-31,62.82379913330078,0.0
2018-02-01,61.75516128540039,0.0
2018-02-02,61.5895881652832,0.0
2018-02-05,60.1070556640625,0.0
2018-02-06,60.00167465209961,0.0
2018-02-07,60.52094268798828,0.0
2018-02-08,58.368621826171875,0.0
2018-02-09,60.49838638305664,1.0
2018-02-12,60.806922912597656,0.0
2018-02-13,62.146480560302734,0.0
2018-02-14,61.06279754638672,0.0
2018-02-15,62.09382629394531,0.0
2018-02-16,61.860511779785156,0.0
2018-02-20,60.7692985534668,0.0
2018-02-21,61.33372497558594,0.0
2018-02-22,63.538719177246094,0.0
2018-02-23,65.17176818847656,0.0
2018-02-26,65.21693420410156,0.0
2018-02-27,63.87737274169922,0.0
2018-02-28,64.00530242919922,0.0
2018-03-01,64.6148910522461,0.0
2018-03-02,64.00530242919922,0.0
2018-03-05,64.88581848144531,0.0
2018-03-06,64.90840148925781,0.0
2018-03-07,64.86325073242188,0.0
2018-03-08,65.51041412353516,0.0
2018-03-09,66.36836242675781,0.0
2018-03-12,65.89423370361328,0.0
2018-03-13,66.15764617919922,0.0
2018-03-14,65.42113494873047,0.0
2018-03-15,65.47427368164062,0.0
2018-03-16,65.28443908691406,0.0
2018-03-19,64.61627960205078,0.0
2018-03-20,64.93517303466797,0.0
2018-03-21,64.6845932006836,0.0
2018-03-22,64.01641845703125,0.0
2018-03-23,63.006553649902344,0.0
2018-03-26,64.05438995361328,0.0
2018-03-27,64.95796966552734,0.0
2018-03-28,66.33228302001953,0.0
2018-03-29,66.33228302001953,0.0
2018-04-02,65.11739349365234,0.0
2018-04-03,65.6489028930664,0.0
2018-04-04,66.59041595458984,0.0
2018-04-05,66.65118408203125,0.0
2018-04-06,65.92225646972656,0.0
2018-04-09,65.96024322509766,0.0
2018-04-10,66.49932861328125,0.0
2018-04-11,66.42339324951172,0.0
2018-04-12,64.91239166259766,0.0
2018-04-13,66.11967468261719,0.0
2018-04-16,66.32466888427734,0.0
2018-04-17,67.6762466430664,0.0
2018-04-18,68.00273132324219,0.0
2018-04-19,66.3626480102539,0.0
2018-04-20,65.36797332763672,0.0
2018-04-23,65.2313003540039,0.0
2018-04-24,65.83113861083984,0.0
2018-04-25,65.51222229003906,0.0
2018-04-26,67.17509460449219,0.0
2018-04-27,68.16217803955078,0.0
2018-04-30,68.02550506591797,0.0
2018-05-01,68.64813232421875,0.0
2018-05-02,68.00273132324219,0.0
2018-05-03,69.65800476074219,0.0
2018-05-04,69.99968719482422,0.0
2018-05-07,70.94879913330078,0.0
2018-05-08,71.01716613769531,0.0
2018-05-09,71.60940551757812,0.0
2018-05-10,72.25479888916016,0.0
2018-05-11,72.32315063476562,0.0
2018-05-14,71.63217163085938,0.0
2018-05-15,70.25023651123047,0.0
2018-05-16,69.99968719482422,0.0
2018-05-17,69.87059020996094,0.0
2018-05-18,69.84020233154297,0.0
2018-05-21,70.59951782226562,0.0
2018-05-22,70.2957992553711,0.0
2018-05-23,71.17658233642578,0.0
2018-05-24,72.209228515625,0.0
2018-05-25,72.24720764160156,0.0
2018-05-29,72.62684631347656,0.0
2018-05-30,73.60636138916016,0.0
2018-05-31,73.08242797851562,0.0
2018-06-01,73.35579681396484,0.0
2018-06-04,75.04141235351562,0.0
2018-06-05,74.16062927246094,0.0
2018-06-06,74.02396392822266,0.0
2018-06-07,74.20620727539062,0.0
2018-06-08,74.42637634277344,0.0
2018-06-11,74.30490112304688,0.0
2018-06-12,74.73770141601562,0.0
2018-06-13,73.62152099609375,0.0
2018-06-14,74.7170639038086,0.0
2018-06-15,74.08885955810547,0.0
2018-06-18,74.44890594482422,0.0
2018-06-19,74.57149505615234,0.0
2018-06-20,75.23033905029297,0.0
2018-06-21,76.3718032836914,0.0
2018-06-22,76.05004119873047,0.0
2018-06-25,76.61695861816406,0.0
2018-06-26,77.34473419189453,0.0
2018-06-27,76.34117126464844,0.0
2018-06-28,76.68590545654297,0.0
2018-06-29,76.46375274658203,0.0
2018-07-02,75.72828674316406,0.0
2018-07-03,76.05772399902344,0.0
2018-07-05,77.1225814819336,0.0
2018-07-06,77.19152069091797,0.0
2018-07-09,76.08069610595703,0.0
2018-07-10,76.01940155029297,0.0
2018-07-11,75.75894165039062,0.0
2018-07-12,75.58274841308594,0.0
2018-07-13,74.16547393798828,0.0
2018-07-16,74.08885955810547,0.0
2018-07-17,72.5336685180664,0.0
2018-07-18,72.31151580810547,0.0
2018-07-19,72.87078857421875,0.0
2018-07-20,72.44942474365234,0.0
2018-07-23,71.99742889404297,0.0
2018-07-24,71.71398162841797,0.0
2018-07-25,72.20426177978516,0.0
2018-07-26,72.54901123046875,0.0
2018-07-27,71.17005157470703,0.0
2018-07-30,71.63736724853516,0.0
2018-07-31,71.98974609375,0.0
2018-08-01,70.96319580078125,0.0
2018-08-02,69.6761474609375,0.0
2018-08-03,70.6337661743164,0.0
2018-08-06,71.56840515136719,0.0
2018-08-07,71.74462127685547,0.0
2018-08-08,71.69097900390625,0.0
2018-08-09,71.47647094726562,0.0
2018-08-10,71.17005157470703,0.0
2018-08-13,71.09342193603516,0.0
2018-08-14,70.9095458984375,0.0
2018-08-15,71.20832824707031,0.0
2018-08-16,72.2195816040039,0.0
2018-08-17,72.91671752929688,0.0
2018-08-20,72.69456481933594,0.0
2018-08-21,71.74462127685547,0.0
2018-08-22,70.22775268554688,0.0
2018-08-23,70.10517120361328,0.0
2018-08-24,70.88660430908203,0.0
2018-08-27,70.20475769042969,0.0
2018-08-28,70.76402282714844,0.0
2018-08-29,70.51888275146484,0.0
2018-08-30,70.35798645019531,0.0
2018-08-31,70.64143371582031,0.0
2018-09-04,70.40394592285156,0.0
2018-09-05,70.77165222167969,0.0
2018-09-06,71.02446746826172,0.0
2018-09-07,69.04796600341797,0.0
2018-09-10,69.6455307006836,0.0
2018-09-11,69.21649169921875,0.0
2018-09-12,69.2318344116211,0.0
2018-09-13,69.6340103149414,0.0
2018-09-14,68.38104248046875,0.0
2018-09-17,69.08488464355469,0.0
2018-09-18,68.00202941894531,0.0
2018-09-19,67.16668701171875,0.0
2018-09-20,67.58436584472656,0.0
2018-09-21,67.8241195678711,0.0
2018-09-24,67.31365203857422,0.0
2018-09-25,67.21311950683594,0.0
2018-09-26,66.8495864868164,0.0
2018-09-27,66.15348052978516,0.0
2018-09-28,67.01200866699219,0.0
2018-10-01,66.31590270996094,0.0
2018-10-02,66.37004852294922,0.0
2018-10-03,65.74354553222656,0.0
2018-10-04,65.59661102294922,0.0
2018-10-05,65.98332214355469,0.0
2018-10-08,66.5479507446289,0.0
2018-10-09,67.36780548095703,0.0
2018-10-10,66.76449584960938,0.0
2018-10-11,65.44189453125,0.0
2018-10-12,65.63526916503906,0.0
2018-10-15,66.15348052978516,0.0
2018-10-16,67.09709167480469,0.0
2018-10-17,66.56341552734375,0.0
2018-10-18,66.80318450927734,0.0
2018-10-19,67.42967224121094,0.0
2018-10-22,66.4628677368164,0.0
2018-10-23,66.8573226928711,0.0
2018-10-24,67.86280822753906,0.0
2018-10-25,68.27275085449219,0.0
2018-10-26,67.8241195678711,0.0
2018-10-29,70.07487487792969,0.0
2018-10-30,70.36106872558594,0.0
2018-10-31,69.6572265625,0.0
2018-11-01,69.90473175048828,0.0
2018-11-02,67.46063232421875,0.0
2018-11-05,68.73680114746094,0.0
2018-11-06,68.60533905029297,0.0
2018-11-07,69.24729919433594,0.0
2018-11-08,69.82737731933594,0.0
2018-11-09,70.19091796875,0.0
2018-11-12,70.67816925048828,0.0
2018-11-13,70.98757934570312,0.0
2018-11-14,71.93118286132812,0.0
2018-11-15,71.82288360595703,0.0
2018-11-16,73.43167877197266,0.0
2018-11-19,73.78748321533203,0.0
2018-11-20,73.09136199951172,0.0
2018-11-21,71.84608459472656,0.0
2018-11-23,72.00080108642578,0.0
2018-11-26,71.63728332519531,0.0
2018-11-27,72.11681365966797,0.0
2018-11-28,72.5422134399414,0.0
2018-11-29,73.00627136230469,0.0
2018-11-30,74.23606872558594,0.0
2018-12-03,75.03273010253906,0.0
2018-12-04,74.94766235351562,0.0
2018-12-06,77.2061538696289,0.0
2018-12-07,76.33985137939453,0.0
2018-12-10,75.55094146728516,0.0
2018-12-11,76.03822326660156,0.0
2018-12-12,75.25702667236328,0.0
2018-12-13,76.00617980957031,0.0
2018-12-14,75.94375610351562,0.0
2018-12-17,72.72869873046875,0.0
2018-12-18,73.12667083740234,0.0
2018-12-19,73.18128967285156,0.0
2018-12-20,72.60383605957031,0.0
2018-12-21,72.244873046875,0.0
2018-12-24,69.13908386230469,0.0
2018-12-26,70.47348022460938,0.0
2018-12-27,70.77782440185547,0.0
2018-12-28,70.2003402709961,0.0
2018-12-31,70.60614013671875,0.0
2019-01-02,68.23387145996094,0.0
2019-01-03,69.02983093261719,0.0
2019-01-04,68.54602813720703,0.0
2019-01-07,68.43675994873047,0.0
2019-01-08,69.52144622802734,0.0
2019-01-09,69.06884002685547,0.0
2019-01-10,70.2081527709961,0.0
2019-01-11,70.02086639404297,0.0
2019-01-14,70.25497436523438,0.0
2019-01-15,71.46451568603516,0.0
2019-01-16,71.80008697509766,0.0
2019-01-17,71.90152740478516,0.0
2019-01-18,72.04977416992188,0.0
2019-01-22,72.06539916992188,0.0
2019-01-23,71.89369201660156,0.0
2019-01-24,71.81568908691406,0.0
2019-01-25,72.68968200683594,0.0
2019-01-28,73.95382690429688,0.0
2019-01-29,75.34286499023438,0.0
2019-01-30,76.10761260986328,0.0
2019-01-31,76.95039367675781,0.0
2019-02-01,76.17784118652344,0.0
2019-02-04,76.482177734375,0.0
2019-02-05,76.49778747558594,0.0
2019-02-06,76.66944885253906,0.0
2019-02-07,77.72293090820312,0.0
2019-02-08,78.33162689208984,0.0
2019-02-11,78.00385284423828,0.0
2019-02-12,77.2547378540039,0.0
2019-02-13,77.5044174194336,0.0
2019-02-14,77.2391357421875,0.0
2019-02-15,77.81657409667969,0.0
2019-02-19,77.34056854248047,0.0
2019-02-20,74.91368103027344,0.0
2019-02-21,72.0107650756836,0.0
2019-02-22,73.78995513916016,0.0
2019-02-25,72.94718170166016,0.0
2019-02-26,72.95499420166016,0.0
2019-02-27,73.6338882446289,0.0
2019-02-28,74.86683654785156,0.0
2019-03-01,74.58594512939453,0.0
2019-03-04,75.14777374267578,0.0
2019-03-05,76.31829071044922,0.0
2019-03-06,75.88910675048828,0.0
2019-03-07,75.63938903808594,0.0
2019-03-08,75.7408447265625,0.0
2019-03-11,77.16889953613281,0.0
2019-03-12,77.75413513183594,0.0
2019-03-13,78.15213775634766,0.0
2019-03-14,78.75032043457031,0.0
2019-03-15,78.53782653808594,0.0
2019-03-18,78.04193115234375,0.0
2019-03-19,77.86875915527344,0.0
2019-03-20,78.13638305664062,0.0
2019-03-21,79.23046875,0.0
2019-03-22,79.1911392211914,0.0
2019-03-25,79.76570129394531,0.0
2019-03-26,80.11991882324219,0.0
2019-03-27,79.61614990234375,0.0
2019-03-28,80.88340759277344,0.0
2019-03-29,80.21436309814453,0.0
2019-04-01,79.63976287841797,0.0
2019-04-02,80.35602569580078,0.0
2019-04-03,80.43475341796875,0.0
2019-04-04,79.43511962890625,0.0
2019-04-05,80.0018539428711,0.0
2019-04-08,78.81330871582031,0.0
2019-04-09,79.49019622802734,0.0
2019-04-10,80.2773208618164,0.0
2019-04-11,79.97032165527344,0.0
2019-04-12,80.43475341796875,0.0
2019-04-15,80.03331756591797,0.0
2019-04-16,78.73457336425781,0.0
2019-04-17,78.54570770263672,0.0
2019-04-18,79.2619400024414,0.0
2019-04-22,78.11278533935547,0.0
2019-04-23,78.78180694580078,0.0
2019-04-24,80.1356430053711,0.0
2019-04-25,80.31666564941406,0.0
2019-04-26,81.5130844116211,0.0
2019-04-29,80.79680633544922,0.0
2019-04-30,81.61540222167969,0.0
2019-05-01,83.42576599121094,0.0
2019-05-02,83.79570007324219,0.0
2019-05-03,83.65400695800781,0.0
2019-05-06,83.6303939819336,0.0
2019-05-07,81.98535919189453,0.0
2019-05-08,81.41077423095703,0.0
2019-05-09,81.69413757324219,0.0
2019-05-10,83.33917236328125,0.0
2019-05-13,84.70875549316406,0.0
2019-05-14,83.92951202392578,0.0
2019-05-15,83.85082244873047,0.0
2019-05-16,83.6303939819336,0.0
2019-05-17,83.42576599121094,0.0
2019-05-20,83.33131408691406,0.0
2019-05-21,83.83504486083984,0.0
2019-05-22,83.6303939819336,0.0
2019-05-23,83.97673797607422,0.0
2019-05-24,84.20500946044922,0.0
2019-05-28,82.88265991210938,0.0
2019-05-29,82.46549987792969,0.0
2019-05-30,83.16603088378906,0.0
2019-05-31,84.34667205810547,0.0
2019-06-03,84.26011657714844,0.0
2019-06-04,83.724853515625,0.0
2019-06-05,86.36955261230469,0.0
2019-06-06,85.72412872314453,0.0
2019-06-07,86.17277526855469,0.0
2019-06-10,85.88941955566406,0.0
2019-06-11,85.88154602050781,0.0
2019-06-12,85.6611557006836,0.0
2019-06-13,85.75640106201172,0.0
2019-06-14,85.76432800292969,0.0
2019-06-17,86.31990051269531,0.0
2019-06-18,85.9945068359375,0.0
2019-06-19,86.58181762695312,0.0
2019-06-20,86.57388305664062,0.0
2019-06-21,85.51036834716797,0.0
2019-06-24,85.10558319091797,0.0
2019-06-25,84.43890380859375,0.0
2019-06-26,83.38330841064453,0.0
2019-06-27,83.81983947753906,0.0
2019-06-28,84.2087173461914,0.0
2019-07-01,83.89920043945312,0.0
2019-07-02,85.16908264160156,0.0
2019-07-03,86.11355590820312,0.0
2019-07-05,86.11355590820312,0.0
2019-07-08,86.84373474121094,0.0
2019-07-09,87.74852752685547,0.0
2019-07-10,88.44694519042969,0.0
2019-07-11,87.78028106689453,0.0
2019-07-12,87.98661041259766,0.0
2019-07-15,88.88346862792969,0.0
2019-07-16,88.41520690917969,0.0
2019-07-17,88.3675765991211,0.0
2019-07-18,88.16915893554688,0.0
2019-07-19,86.26433563232422,0.0
2019-07-22,86.26433563232422,0.0
2019-07-23,87.3040542602539,0.0
2019-07-24,87.16120147705078,0.0
2019-07-25,87.26438903808594,0.0
2019-07-26,87.51042938232422,0.0
2019-07-29,88.42314910888672,0.0
2019-07-30,88.81204223632812,0.0
2019-07-31,89.20093536376953,0.0
2019-08-01,90.59780883789062,0.0
2019-08-02,91.12163543701172,0.0
2019-08-05,90.57400512695312,0.0
2019-08-06,91.4708480834961,0.0
2019-08-07,92.8438949584961,0.0
2019-08-08,94.21694946289062,0.0
2019-08-09,94.16139221191406,0.0
2019-08-12,94.52650451660156,0.0
2019-08-13,94.45503997802734,0.0
2019-08-14,93.62964630126953,0.0
2019-08-15,95.87574005126953,0.0
2019-08-16,95.73287200927734,0.0
2019-08-19,96.59797668457031,0.0
2019-08-20,96.00272369384766,0.0
2019-08-21,95.85192108154297,0.0
2019-08-22,96.328125,0.0
2019-08-23,96.03446960449219,0.0
2019-08-26,96.44715118408203,0.0
2019-08-27,96.21701049804688,0.0
2019-08-28,96.03446960449219,0.0
2019-08-29,96.20114135742188,0.0
2019-08-30,96.7646484375,0.0
2019-09-03,97.19322967529297,0.0
2019-09-04,98.03450775146484,0.0
2019-09-05,96.19319915771484,0.0
2019-09-06,95.03443908691406,0.0
2019-09-09,93.87567901611328,0.0
2019-09-10,91.8915023803711,0.0
2019-09-11,92.49467468261719,0.0
2019-09-12,92.8597640991211,0.0
2019-09-13,92.87579345703125,0.0
2019-09-16,93.67559051513672,0.0
2019-09-17,94.15548706054688,0.0
2019-09-18,93.44364929199219,0.0
2019-09-19,93.45967102050781,0.0
2019-09-20,92.76378631591797,0.0
2019-09-23,92.57184600830078,0.0
2019-09-24,93.0517349243164,0.0
2019-09-25,93.63561248779297,0.0
2019-09-26,94.36344146728516,0.0
2019-09-27,93.33167266845703,0.0
2019-09-30,93.43565368652344,0.0
2019-10-01,92.51585388183594,0.0
2019-10-02,92.1399154663086,0.0
2019-10-03,93.29967498779297,0.0
2019-10-04,93.93952941894531,0.0
2019-10-07,93.37968444824219,0.0
2019-10-08,93.59561920166016,0.0
2019-10-09,93.4676513671875,0.0
2019-10-10,93.00374603271484,0.0
2019-10-11,92.51585388183594,0.0
2019-10-14,92.17192077636719,0.0
2019-10-15,91.97994232177734,0.0
2019-10-16,92.11595153808594,0.0
2019-10-17,91.42007446289062,0.0
2019-10-18,91.37208557128906,0.0
2019-10-21,92.49185943603516,0.0
2019-10-22,92.15591430664062,0.0
2019-10-23,92.52385711669922,0.0
2019-10-24,92.41986083984375,0.0
2019-10-25,89.76446533203125,0.0
2019-10-28,89.63648223876953,0.0
2019-10-29,90.16436004638672,0.0
2019-10-30,88.66067504882812,0.0
2019-10-31,89.79641723632812,0.0
2019-11-01,88.95661163330078,0.0
2019-11-04,87.18901824951172,0.0
2019-11-05,85.66934967041016,1.0
2019-11-06,87.10102844238281,1.0
2019-11-07,86.35718536376953,0.0
2019-11-08,85.01347351074219,0.0
2019-11-11,84.5096206665039,1.0
2019-11-12,83.55780029296875,1.0
2019-11-13,84.26966857910156,1.0
2019-11-14,85.66934967041016,1.0
2019-11-15,85.7413330078125,0.0
2019-11-18,85.18145751953125,0.0
2019-11-19,85.4214096069336,0.0
2019-11-20,85.557373046875,0.0
2019-11-21,84.49359893798828,0.0
2019-11-22,84.46160888671875,0.0
2019-11-25,84.02970886230469,0.0
2019-11-26,85.58137512207031,0.0
2019-11-27,84.94950103759766,0.0
2019-11-29,84.82154083251953,0.0
2019-12-02,83.66978454589844,0.0
2019-12-03,84.97349548339844,0.0
2019-12-04,85.14144897460938,0.0
2019-12-05,85.64534759521484,0.0
2019-12-06,85.98126983642578,0.0
2019-12-09,85.28543853759766,0.0
2019-12-10,84.31761932373047,0.0
2019-12-11,83.94971466064453,0.0
2019-12-12,81.90217590332031,0.0
2019-12-13,82.53962707519531,0.0
2019-12-16,83.30620574951172,0.0
2019-12-17,82.86239624023438,0.0
2019-12-18,83.52407836914062,0.0
2019-12-19,83.79840850830078,0.0
2019-12-20,84.29872131347656,0.0
2019-12-23,83.75808715820312,0.0
2019-12-24,84.24224090576172,0.0
2019-12-26,84.40361022949219,0.0
2019-12-27,84.33099365234375,0.0
2019-12-30,84.17765808105469,0.0
2019-12-31,85.22666931152344,0.0
2020-01-02,84.50850677490234,0.0
2020-01-03,85.9529037475586,0.0
2020-01-06,85.89640808105469,0.0
2020-01-07,85.50908660888672,0.0
2020-01-08,85.67854309082031,0.0
2020-01-09,85.43646240234375,0.0
2020-01-10,86.9615249633789,0.0
2020-01-13,87.24396514892578,0.0
2020-01-14,87.42955017089844,0.0
2020-01-15,88.43010711669922,0.0
2020-01-16,89.49527740478516,0.0
2020-01-17,90.01976013183594,0.0
2020-01-21,90.97999572753906,0.0
2020-01-22,88.52696990966797,0.0
2020-01-23,89.21283721923828,0.0
2020-01-24,89.51138305664062,0.0
2020-01-27,89.56788635253906,0.0
2020-01-28,89.1805648803711,0.0
2020-01-29,88.3171615600586,0.0
2020-01-30,89.2289810180664,0.0
2020-01-31,89.3096694946289,0.0
2020-02-03,88.42205810546875,0.0
2020-02-04,88.93040466308594,0.0
2020-02-05,88.33329010009766,0.0
2020-02-06,88.777099609375,0.0
2020-02-07,88.93040466308594,0.0
2020-02-10,89.76961517333984,0.0
2020-02-11,90.0116958618164,0.0
2020-02-12,90.50392150878906,0.0
2020-02-13,91.21398162841797,0.0
2020-02-14,93.14254760742188,0.0
2020-02-18,93.1183090209961,0.0
2020-02-19,86.72754669189453,0.0
2020-02-20,86.59034729003906,0.0
2020-02-21,88.11542510986328,0.0
2020-02-24,87.80074310302734,0.0
2020-02-25,86.3402099609375,0.0
2020-02-26,86.87278747558594,0.0
2020-02-27,81.24854278564453,0.0
2020-02-28,80.9822769165039,0.0
2020-03-02,85.04914855957031,1.0
2020-03-03,85.25086975097656,0.0
2020-03-04,88.59149932861328,0.0
2020-03-05,89.21283721923828,0.0
2020-03-06,88.777099609375,0.0
2020-03-09,85.45260620117188,0.0
2020-03-10,86.80823516845703,0.0
2020-03-11,84.24224090576172,0.0
2020-03-12,77.69004821777344,0.0
2020-03-13,78.66747283935547,0.0
2020-03-16,66.49838256835938,0.0
2020-03-17,70.23709106445312,1.0
2020-03-18,73.283447265625,0.0
2020-03-19,70.61993408203125,0.0
2020-03-20,64.93447875976562,0.0
2020-03-23,60.7722282409668,1.0
2020-03-24,63.794151306152344,1.0
2020-03-25,67.63872528076172,0.0
2020-03-26,73.16939544677734,0.0
2020-03-27,78.21135711669922,0.0
2020-03-30,78.80596160888672,0.0
2020-03-31,77.99955749511719,0.0
2020-04-01,76.56597900390625,0.0
2020-04-02,78.1624755859375,0.0
2020-04-03,78.30094146728516,0.0
2020-04-06,81.35546112060547,0.0
2020-04-07,79.3924331665039,0.0
2020-04-08,79.9788818359375,0.0
2020-04-09,83.823486328125,0.0
2020-04-13,78.56160736083984,0.0
2020-04-14,77.88553619384766,0.0
2020-04-15,75.75146484375,0.0
2020-04-16,74.43193054199219,0.0
2020-04-17,75.83293151855469,0.0
2020-04-20,72.78656768798828,0.0
2020-04-21,72.34671783447266,0.0
2020-04-22,74.5296859741211,0.0
2020-04-23,71.61363220214844,0.0
2020-04-24,72.40373992919922,0.0
2020-04-27,74.6600112915039,0.0
2020-04-28,75.482666015625,0.0
2020-04-29,72.93319702148438,0.0
2020-04-30,71.87430572509766,0.0
2020-05-01,70.9946060180664,0.0
2020-05-04,69.47957611083984,0.0
2020-05-05,69.9682846069336,0.0
2020-05-06,68.42069244384766,0.0
2020-05-07,71.81727600097656,0.0
2020-05-08,74.6844253540039,0.0
2020-05-11,74.83920288085938,0.0
2020-05-12,69.48770141601562,0.0
2020-05-13,68.73834228515625,0.0
2020-05-14,68.58358001708984,0.0
2020-05-15,66.63687133789062,0.0
2020-05-18,70.97016143798828,0.0
2020-05-19,71.23079681396484,0.0
2020-05-20,71.36930847167969,0.0
2020-05-21,70.8072738647461,0.0
2020-05-22,70.23709106445312,0.0
2020-05-26,75.0916748046875,0.0
2020-05-27,76.87553405761719,0.0
2020-05-28,79.18877410888672,0.0
2020-05-29,78.80596160888672,0.0
2020-06-01,80.49205017089844,0.0
2020-06-02,81.59978485107422,0.0
2020-06-03,83.39177703857422,0.0
2020-06-04,82.64240264892578,0.0
2020-06-05,84.17372131347656,0.0
2020-06-08,85.16744232177734,0.0
2020-06-09,83.8560562133789,0.0
2020-06-10,81.99077606201172,0.0
2020-06-11,76.66374206542969,0.0
2020-06-12,79.53389739990234,0.0
2020-06-15,80.11779022216797,0.0
2020-06-16,80.28227996826172,0.0
2020-06-17,79.76417541503906,0.0
2020-06-18,78.55523681640625,0.0
2020-06-19,76.45813751220703,0.0
2020-06-22,76.33477783203125,0.0
2020-06-23,75.38904571533203,0.0
2020-06-24,74.41038513183594,0.0
2020-06-25,75.48772430419922,0.0
2020-06-26,74.84624481201172,0.0
2020-06-29,75.52059936523438,0.0
2020-06-30,75.96470642089844,0.0
2020-07-01,79.739501953125,0.0
2020-07-02,79.97799682617188,0.0
2020-07-06,79.12268829345703,0.0
2020-07-07,78.19341278076172,0.0
2020-07-08,78.67860412597656,0.0
2020-07-09,78.30030822753906,0.0
2020-07-10,79.15560913085938,0.0
2020-07-13,78.94998931884766,0.0
2020-07-14,80.01911926269531,0.0
2020-07-15,80.66057586669922,0.0
2020-07-16,79.52566528320312,0.0
2020-07-17,81.15403747558594,0.0
2020-07-20,79.74773406982422,0.0
2020-07-21,79.5832290649414,0.0
2020-07-22,80.54544830322266,0.0
2020-07-23,79.739501953125,0.0
2020-07-24,78.4565658569336,0.0
2020-07-27,78.588134765625,0.0
2020-07-28,81.90239715576172,0.0
2020-07-29,82.94684600830078,0.0
2020-07-30,83.48141479492188,0.0
2020-07-31,84.98638916015625,0.0
2020-08-03,83.81857299804688,0.0
2020-08-04,86.45026397705078,0.0
2020-08-05,84.1064224243164,0.0
2020-08-06,83.14421844482422,0.0
2020-08-07,85.33179473876953,0.0
2020-08-10,86.37622833251953,0.0
2020-08-11,84.69854736328125,0.0
2020-08-12,85.10972595214844,0.0
2020-08-13,84.7314453125,0.0
2020-08-14,85.70186614990234,0.0
2020-08-17,86.08840942382812,0.0
2020-08-18,86.42556762695312,0.0
2020-08-19,84.0488510131836,0.0
2020-08-20,85.6607437133789,0.0
2020-08-21,86.60650634765625,0.0
2020-08-24,87.371337890625,0.0
2020-08-25,87.22329711914062,0.0
2020-08-26,87.00947570800781,0.0
2020-08-27,87.6098403930664,0.0
2020-08-28,87.78252410888672,0.0
2020-08-31,87.62628936767578,0.0
2020-09-01,87.87299346923828,0.0
2020-09-02,89.19705963134766,0.0
2020-09-03,88.9421157836914,0.0
2020-09-04,89.10658264160156,0.0
2020-09-08,88.84341430664062,0.0
2020-09-09,91.13790893554688,0.0
2020-09-10,90.3648452758789,0.0
2020-09-11,91.44220733642578,0.0
2020-09-14,92.3044662475586,0.0
2020-09-15,92.15524291992188,0.0
2020-09-16,93.10041046142578,0.0
2020-09-17,92.2049789428711,0.0
2020-09-18,90.63795471191406,0.0
2020-09-21,89.17871856689453,0.0
2020-09-22,89.41088104248047,0.0
2020-09-23,86.55046844482422,0.0
2020-09-24,86.16078186035156,0.0
2020-09-25,87.42931365966797,0.0
2020-09-28,89.64302062988281,0.0
2020-09-29,88.91341400146484,0.0
2020-09-30,88.70613861083984,0.0
2020-10-01,90.57162475585938,0.0
2020-10-02,93.18331146240234,0.0
2020-10-05,93.51496124267578,0.0
2020-10-06,92.81851959228516,0.0
2020-10-07,93.29939270019531,0.0
2020-10-08,94.3108901977539,0.0
2020-10-09,93.97926330566406,0.0
2020-10-12,94.44357299804688,0.0
2020-10-13,93.81343841552734,0.0
2020-10-14,93.99584197998047,0.0
2020-10-15,95.29754638671875,0.0
2020-10-16,95.04051971435547,0.0
2020-10-19,94.29432678222656,0.0
2020-10-20,94.824951171875,0.0
2020-10-21,95.6374740600586,0.0
2020-10-22,97.38687896728516,0.0
2020-10-23,98.3818130493164,0.0
2020-10-26,98.34036254882812,0.0
2020-10-27,97.08010864257812,0.0
2020-10-28,95.92767333984375,0.0
2020-10-29,96.44171905517578,0.0
2020-10-30,96.13494110107422,0.0
2020-11-02,96.05203247070312,0.0
2020-11-03,96.88113403320312,0.0
2020-11-04,97.2956771850586,0.0
2020-11-05,94.43527221679688,0.0
2020-11-06,93.4569320678711,0.0
2020-11-09,88.64810180664062,0.0
2020-11-10,95.77013397216797,0.0
2020-11-11,97.82630157470703,0.0
2020-11-12,95.82816314697266,0.0
2020-11-13,97.60246276855469,0.0
2020-11-16,97.75997924804688,0.0
2020-11-17,97.72683715820312,0.0
2020-11-18,93.78856658935547,0.0
2020-11-19,93.3740234375,0.0
2020-11-20,93.43206024169922,0.0
2020-11-23,91.93965148925781,0.0
2020-11-24,91.20175170898438,0.0
2020-11-25,92.85167694091797,0.0
2020-11-27,91.20175170898438,0.0
2020-11-30,93.46521759033203,0.0
2020-12-01,94.23628997802734,0.0
2020-12-02,92.37908935546875,0.0
2020-12-03,94.10363006591797,0.0
2020-12-04,94.80835723876953,0.0
2020-12-07,95.34728240966797,0.0
2020-12-08,94.16995239257812,0.0
2020-12-09,93.2745361328125,0.0
2020-12-10,91.21832275390625,0.0
2020-12-11,91.53340911865234,0.0
2020-12-14,91.85102844238281,0.0
2020-12-15,93.33063507080078,0.0
2020-12-16,92.8458023071289,0.0
2020-12-17,95.43714141845703,0.0
2020-12-18,94.03280639648438,0.0
2020-12-21,95.47894287109375,0.0
2020-12-22,96.289794921875,0.0
2020-12-23,94.3170166015625,0.0
2020-12-24,95.62105560302734,0.0
2020-12-28,95.12785339355469,0.0
2020-12-29,95.13622283935547,0.0
2020-12-30,95.88854217529297,0.0
2020-12-31,96.849853515625,0.0
2021-01-04,92.19377899169922,0.0
2021-01-05,91.01512908935547,0.0
2021-01-06,90.87301635742188,0.0
2021-01-07,91.09037017822266,0.0
2021-01-08,93.66500854492188,0.0
2021-01-11,93.07984924316406,0.0
2021-01-12,93.53960418701172,0.0
2021-01-13,93.50617218017578,0.0
2021-01-14,92.1854019165039,0.0
2021-01-15,93.77365112304688,0.0
2021-01-19,93.3389892578125,0.0
2021-01-20,95.97212219238281,0.0
2021-01-21,95.871826171875,0.0
2021-01-22,96.47369384765625,0.0
2021-01-25,96.92509460449219,0.0
2021-01-26,97.78608703613281,0.0
2021-01-27,96.23128509521484,0.0
2021-01-28,94.69317626953125,0.0
2021-01-29,95.11951446533203,0.0
2021-02-01,97.48515319824219,0.0
2021-02-02,97.90312194824219,0.0
2021-02-03,96.9752426147461,0.0
2021-02-04,97.75264739990234,0.0
2021-02-05,97.48515319824219,0.0
2021-02-08,97.9532699584961,0.0
2021-02-09,100.01799774169922,0.0
2021-02-10,98.8978500366211,0.0
2021-02-11,98.41304016113281,0.0
2021-02-12,97.70247650146484,0.0
2021-02-16,97.96163940429688,0.0
2021-02-17,98.45482635498047,0.0
2021-02-18,98.91458892822266,0.0
2021-02-19,100.00128936767578,0.0
2021-02-22,100.92915344238281,0.0
2021-02-23,105.74407196044922,0.0
2021-02-24,106.24561309814453,0.0
2021-02-25,108.27690887451172,0.0
2021-02-26,105.07530975341797,0.0
2021-03-01,103.47871398925781,0.0
2021-03-02,104.26447296142578,0.0
2021-03-03,103.13597869873047,0.0
2021-03-04,101.9991455078125,0.0
2021-03-05,103.4870834350586,0.0
2021-03-08,105.83601379394531,0.0
2021-03-09,106.7722396850586,0.0
2021-03-10,107.89238739013672,0.0
2021-03-11,108.12642669677734,0.0
2021-03-12,110.95702362060547,0.0
2021-03-15,112.47340393066406,0.0
2021-03-16,112.84406280517578,0.0
2021-03-17,110.64530944824219,0.0
2021-03-18,111.28556823730469,0.0
2021-03-19,106.44156646728516,0.0
2021-03-22,107.96637725830078,0.0
2021-03-23,109.85340881347656,0.0
2021-03-24,110.33362579345703,0.0
2021-03-25,110.35888671875,0.0
2021-03-26,111.69834899902344,0.0
2021-03-29,112.21223449707031,0.0
2021-03-30,112.04373931884766,0.0
2021-03-31,111.6646499633789,0.0
2021-04-01,114.10771942138672,0.0
2021-04-05,113.7370376586914,0.0
2021-04-06,115.54827880859375,0.0
2021-04-07,115.91896057128906,0.0
2021-04-08,115.90211486816406,0.0
2021-04-09,116.57606506347656,0.0
2021-04-12,117.32583618164062,0.0
2021-04-13,118.90955352783203,0.0
2021-04-14,117.1236343383789,0.0
2021-04-15,119.77731323242188,0.0
2021-04-16,120.13955688476562,0.0
2021-04-19,121.25154113769531,0.0
2021-04-20,123.32395935058594,0.0
2021-04-21,123.31549835205078,0.0
2021-04-22,123.83785247802734,0.0
2021-04-23,124.29273986816406,0.0
2021-04-26,123.49244689941406,0.0
2021-04-27,124.05687713623047,0.0
2021-04-28,123.4840087890625,0.0
2021-04-29,123.68621826171875,0.0
2021-04-30,125.26154327392578,0.0
2021-05-03,122.6752700805664,0.0
2021-05-04,124.88245391845703,0.0
2021-05-05,122.8690185546875,0.0
2021-05-06,122.62471008300781,0.0
2021-05-07,124.0400390625,0.0
2021-05-10,124.54546356201172,0.0
2021-05-11,122.23719787597656,0.0
2021-05-12,119.45718383789062,0.0
2021-05-13,122.14454650878906,0.0
2021-05-14,121.8412857055664,0.0
2021-05-17,122.6668472290039,0.0
2021-05-18,122.36357879638672,0.0
2021-05-19,122.09398651123047,0.0
2021-05-20,123.02909851074219,0.0
2021-05-21,122.85218048095703,0.0
2021-05-24,123.76201629638672,0.0
2021-05-25,124.48650360107422,0.0
2021-05-26,124.08214569091797,0.0
2021-05-27,124.0905532836914,0.0
2021-05-28,126.20508575439453,0.0
2021-06-01,128.05841064453125,0.0
2021-06-02,129.73487854003906,0.0
2021-06-03,129.54954528808594,0.0
2021-06-04,129.87806701660156,0.0
2021-06-07,131.90835571289062,0.0
2021-06-08,133.5342559814453,0.0
2021-06-09,133.5847930908203,0.0
2021-06-10,134.0818328857422,0.0
2021-06-11,134.32615661621094,0.0
2021-06-14,135.5893096923828,0.0
2021-06-15,135.62318420410156,0.0
2021-06-16,135.24171447753906,0.0
2021-06-17,136.79310607910156,0.0
2021-06-18,135.13995361328125,0.0
2021-06-21,138.74290466308594,0.0
2021-06-22,138.12405395507812,0.0
2021-06-23,139.6923828125,0.0
2021-06-24,138.80227661132812,0.0
2021-06-25,141.0572967529297,0.0
2021-06-28,140.3790740966797,0.0
2021-06-29,139.5652618408203,0.0
2021-06-30,138.87855529785156,0.0
2021-07-01,139.80258178710938,0.0
2021-07-02,141.4557342529297,0.0
2021-07-06,144.82977294921875,0.0
2021-07-07,145.38929748535156,0.0
2021-07-08,143.7107391357422,0.0
2021-07-09,146.822021484375,0.0
2021-07-12,148.0851593017578,0.0
2021-07-13,145.46559143066406,0.0
2021-07-14,146.11837768554688,0.0
2021-07-15,146.43202209472656,0.0
2021-07-16,145.7622833251953,0.0
2021-07-19,142.8290557861328,0.0
2021-07-20,144.668701171875,0.0
2021-07-21,141.95591735839844,0.0
2021-07-22,143.07489013671875,0.0
2021-07-23,145.31298828125,0.0
2021-07-26,144.76193237304688,0.0
2021-07-27,145.6436004638672,0.0
2021-07-28,146.29635620117188,0.0
2021-07-29,147.28826904296875,0.0
2021-07-30,147.6273651123047,0.0
2021-08-02,148.6022491455078,0.0
2021-08-03,149.67041015625,0.0
2021-08-04,148.97525024414062,0.0
2021-08-05,149.07699584960938,0.0
2021-08-06,148.7887725830078,0.0
2021-08-09,148.6446533203125,0.0
2021-08-10,147.21194458007812,0.0
2021-08-11,147.01698303222656,0.0
2021-08-12,148.0681610107422,0.0
2021-08-13,148.93287658691406,0.0
2021-08-16,148.61073303222656,0.0
2021-08-17,149.52633666992188,0.0
2021-08-18,147.90713500976562,0.0
2021-08-19,149.62802124023438,0.0
2021-08-20,150.52667236328125,0.0
2021-08-23,150.39102172851562,0.0
2021-08-24,150.73011779785156,0.0
2021-08-25,152.79014587402344,0.0
2021-08-26,153.86680603027344,0.0
2021-08-27,155.51991271972656,0.0
2021-08-30,157.38494873046875,0.0
2021-08-31,158.45315551757812,0.0
2021-09-01,160.88616943359375,0.0
2021-09-02,162.43756103515625,0.0
2021-09-03,164.2178192138672,0.0
2021-09-07,161.835693359375,0.0
2021-09-08,163.10728454589844,0.0
2021-09-09,158.64813232421875,0.0
2021-09-10,158.57180786132812,0.0
2021-09-13,158.06317138671875,0.0
2021-09-14,156.66346740722656,0.0
2021-09-15,157.15847778320312,0.0
2021-09-16,156.13429260253906,0.0
2021-09-17,153.718994140625,0.0
2021-09-20,153.77020263671875,0.0
2021-09-21,153.40321350097656,0.0
2021-09-22,152.92523193359375,0.0
2021-09-23,151.23536682128906,0.0
2021-09-24,147.31793212890625,0.0
2021-09-27,144.64657592773438,0.0
2021-09-28,146.23402404785156,1.0
2021-09-29,146.8058624267578,0.0
2021-09-30,143.37489318847656,0.0
2021-10-01,144.18569946289062,1.0
2021-10-04,143.6394805908203,0.0
2021-10-05,143.28953552246094,0.0
2021-10-06,145.54270935058594,0.0
2021-10-07,147.164306640625,0.0
2021-10-08,146.00355529785156,0.0
2021-10-11,147.1216583251953,0.0
2021-10-12,150.7745361328125,0.0
2021-10-13,153.4202880859375,0.0
2021-10-14,156.78297424316406,0.0
2021-10-15,156.15992736816406,0.0
2021-10-18,157.18411254882812,0.0
2021-10-19,156.57810974121094,0.0
2021-10-20,157.88397216796875,0.0
2021-10-21,157.994873046875,0.0
2021-10-22,158.68618774414062,0.0
2021-10-25,160.85400390625,0.0
2021-10-26,159.83839416503906,0.0
2021-10-27,156.91954040527344,0.0
2021-10-28,165.23236083984375,0.0
2021-10-29,168.449951171875,0.0
2021-11-01,168.20245361328125,0.0
2021-11-02,172.4356231689453,0.0
2021-11-03,170.19955444335938,0.0
2021-11-04,169.73867797851562,0.0
2021-11-05,166.08583068847656,0.0
2021-11-08,168.50112915039062,0.0
2021-11-09,168.7401123046875,0.0
2021-11-10,168.2621612548828,0.0
2021-11-11,169.3204803466797,0.0
2021-11-12,168.95346069335938,0.0
2021-11-15,170.63482666015625,0.0
2021-11-16,169.65330505371094,0.0
2021-11-17,171.77845764160156,0.0
2021-11-18,173.51956176757812,0.0
2021-11-19,172.5380859375,0.0
2021-11-22,170.60919189453125,0.0
2021-11-23,171.0274200439453,0.0
2021-11-24,174.3815460205078,0.0
2021-11-26,169.66184997558594,0.0
2021-11-29,173.29762268066406,0.0
2021-11-30,170.69456481933594,0.0
2021-12-01,170.3019561767578,0.0
2021-12-02,175.31187438964844,0.0
2021-12-03,171.9577178955078,0.0
2021-12-06,175.12408447265625,0.0
2021-12-07,178.1197509765625,0.0
2021-12-08,178.68309020996094,0.0
2021-12-09,175.40573120117188,0.0
2021-12-10,178.12831115722656,0.0
2021-12-13,181.66168212890625,0.0
2021-12-14,180.08201599121094,0.0
2021-12-15,184.07412719726562,0.0
2021-12-16,184.07412719726562,0.0
2021-12-17,184.7093963623047,0.0
2021-12-20,185.26744079589844,0.0
2021-12-21,185.20733642578125,0.0
2021-12-22,188.05760192871094,0.0
2021-12-23,187.15618896484375,0.0
2021-12-27,190.3756103515625,0.0
2021-12-28,191.0624237060547,0.0
2021-12-29,193.52635192871094,0.0
2021-12-30,193.65512084960938,0.0
2021-12-31,194.65103149414062,0.0
2022-01-03,188.21214294433594,0.0
2022-01-04,190.23822021484375,0.0
2022-01-05,186.93295288085938,0.0
2022-01-06,186.85569763183594,0.0
2022-01-07,178.95736694335938,0.0
2022-01-10,179.00888061523438,0.0
2022-01-11,180.33956909179688,0.0
2022-01-12,181.75613403320312,0.0
2022-01-13,177.377685546875,0.0
2022-01-14,174.80213928222656,0.0
2022-01-18,171.8832244873047,0.0
2022-01-19,170.33787536621094,0.0
2022-01-20,167.73658752441406,0.0
2022-01-21,167.82240295410156,0.0
2022-01-24,167.4103240966797,0.0
2022-01-25,167.81387329101562,0.0
2022-01-26,165.73623657226562,0.0
2022-01-27,163.40965270996094,1.0
2022-01-28,169.0501251220703,1.0
2022-01-31,170.14898681640625,0.0
2022-02-01,169.60813903808594,0.0
2022-02-02,177.5493927001953,0.0
2022-02-03,175.6005859375,0.0
2022-02-04,172.95635986328125,0.0
2022-02-07,171.48828125,0.0
2022-02-08,170.9817657470703,0.0
2022-02-09,176.27880859375,0.0
2022-02-10,170.72422790527344,0.0
2022-02-11,169.05873107910156,0.0
2022-02-14,166.73214721679688,0.0
2022-02-15,164.9893341064453,0.0
2022-02-16,163.77020263671875,0.0
2022-02-17,162.02745056152344,0.0
2022-02-18,160.95431518554688,0.0
2022-02-22,159.06556701660156,0.0
2022-02-23,160.20742797851562,0.0
2022-02-24,162.89456176757812,0.0
2022-02-25,166.7063751220703,0.0
2022-02-28,161.52952575683594,0.0
2022-03-01,164.3025360107422,0.0
2022-03-02,166.3114471435547,0.0
2022-03-03,167.61639404296875,0.0
2022-03-04,172.4669952392578,0.0
2022-03-07,171.91754150390625,0.0
2022-03-08,168.77542114257812,0.0
2022-03-09,169.96014404296875,0.0
2022-03-10,168.50924682617188,0.0
2022-03-11,168.70669555664062,0.0
2022-03-14,165.54039001464844,0.0
2022-03-15,164.104248046875,0.0
2022-03-16,167.32249450683594,0.0
2022-03-17,169.589111328125,0.0
2022-03-18,168.19627380371094,0.0
2022-03-21,169.49398803710938,0.0
2022-03-22,169.33822631835938,0.0
2022-03-23,167.4522705078125,0.0
2022-03-24,168.57691955566406,0.0
2022-03-25,170.9127655029297,0.0
2022-03-28,173.5686798095703,0.0
2022-03-29,181.06922912597656,0.0
2022-03-30,180.76646423339844,0.0
2022-03-31,177.86830139160156,0.0
2022-04-01,181.30284118652344,0.0
2022-04-04,178.3787078857422,0.0
2022-04-05,177.75584411621094,0.0
2022-04-06,183.7251434326172,0.0
2022-04-07,184.58164978027344,0.0
2022-04-08,184.88441467285156,0.0
2022-04-11,182.1939239501953,0.0
2022-04-12,184.14041137695312,0.0
2022-04-13,183.93280029296875,0.0
2022-04-14,183.88087463378906,0.0
2022-04-18,183.78575134277344,0.0
2022-04-19,188.87261962890625,0.0
2022-04-20,190.28274536132812,0.0
2022-04-21,187.73928833007812,0.0
2022-04-22,183.8895263671875,0.0
2022-04-25,180.41175842285156,0.0
2022-04-26,176.89073181152344,0.0
2022-04-27,176.46681213378906,0.0
2022-04-28,179.9792022705078,0.0
2022-04-29,164.3724822998047,0.0
2022-05-02,158.27337646484375,0.0
2022-05-03,158.3944854736328,1.0
2022-05-04,169.19117736816406,1.0
2022-05-05,164.1129150390625,0.0
2022-05-06,157.1573944091797,0.0
2022-05-09,146.57696533203125,0.0
2022-05-10,151.6378936767578,1.0
2022-05-11,151.36109924316406,0.0
2022-05-12,151.1534423828125,0.0
2022-05-13,154.82156372070312,0.0
2022-05-16,154.57931518554688,0.0
2022-05-17,154.7177276611328,0.0
2022-05-18,148.06497192382812,0.0
2022-05-19,146.76730346679688,0.0
2022-05-20,148.26397705078125,0.0
2022-05-23,150.82469177246094,0.0
2022-05-24,151.54275512695312,0.0
2022-05-25,149.1896514892578,0.0
2022-05-26,151.1101837158203,0.0
2022-05-27,155.74722290039062,0.0
2022-05-31,154.1640625,0.0
2022-06-01,154.55335998535156,0.0
2022-06-02,155.57421875,0.0
2022-06-03,154.2505645751953,0.0
2022-06-06,151.47354125976562,0.0
2022-06-07,155.76454162597656,0.0
2022-06-08,148.89549255371094,0.0
2022-06-09,146.49046325683594,0.0
2022-06-10,144.40553283691406,0.0
2022-06-13,137.9604034423828,0.0
2022-06-14,138.6328887939453,0.0
2022-06-15,141.0432586669922,0.0
2022-06-16,139.6808624267578,0.0
2022-06-17,139.27041625976562,0.0
2022-06-21,141.32276916503906,0.0
2022-06-22,143.80300903320312,0.0
2022-06-23,146.61514282226562,0.0
2022-06-24,150.53636169433594,0.0
2022-06-27,150.18704223632812,0.0
2022-06-28,149.35740661621094,0.0
2022-06-29,149.29627990722656,0.0
2022-06-30,148.57138061523438,0.0
2022-07-01,152.2917938232422,0.0
2022-07-05,150.09974670410156,0.0
2022-07-06,152.1869659423828,0.0
2022-07-07,151.1389617919922,0.0
2022-07-08,151.16517639160156,0.0
2022-07-11,150.24818420410156,0.0
2022-07-12,145.84658813476562,0.0
2022-07-13,146.3880615234375,0.0
2022-07-14,146.25704956054688,0.0
2022-07-15,148.091064453125,0.0
2022-07-18,147.2439422607422,0.0
2022-07-19,150.31808471679688,0.0
2022-07-20,150.90318298339844,0.0
2022-07-21,153.2087860107422,0.0
2022-07-22,155.37466430664062,0.0
2022-07-25,155.4881591796875,0.0
2022-07-26,156.43138122558594,0.0
2022-07-27,158.0819854736328,0.0
2022-07-28,164.30885314941406,0.0
2022-07-29,165.51406860351562,0.0
2022-08-01,165.0686492919922,0.0
2022-08-02,163.31324768066406,0.0
2022-08-03,169.7235107421875,0.0
2022-08-04,170.51821899414062,0.0
2022-08-05,172.2387237548828,0.0
2022-08-08,174.98097229003906,0.0
2022-08-09,177.6446533203125,0.0
2022-08-10,180.64016723632812,0.0
2022-08-11,181.1729278564453,0.0
2022-08-12,185.11166381835938,0.0
2022-08-15,186.7098388671875,0.0
2022-08-16,185.79286193847656,0.0
2022-08-17,187.8102569580078,0.0
2022-08-18,186.115966796875,0.0
2022-08-19,184.84091186523438,0.0
2022-08-22,182.5440673828125,0.0
2022-08-23,179.59222412109375,0.0
2022-08-24,181.37374877929688,0.0
2022-08-25,184.04620361328125,0.0
2022-08-26,180.89344787597656,0.0
2022-08-29,179.3214569091797,0.0
2022-08-30,175.60105895996094,0.0
2022-08-31,173.55743408203125,0.0
2022-09-01,175.4875030517578,0.0
2022-09-02,174.31724548339844,0.0
2022-09-06,176.82369995117188,0.0
2022-09-07,179.13807678222656,0.0
2022-09-08,177.68832397460938,0.0
2022-09-09,176.28224182128906,0.0
2022-09-12,174.70150756835938,0.0
2022-09-13,169.8632354736328,0.0
2022-09-14,168.67510986328125,0.0
2022-09-15,164.27447509765625,0.0
2022-09-16,162.109375,0.0
2022-09-19,160.45477294921875,0.0
2022-09-20,157.61196899414062,0.0
2022-09-21,156.01014709472656,1.0
2022-09-22,153.58102416992188,1.0
2022-09-23,152.02320861816406,1.0
2022-09-26,149.42684936523438,1.0
2022-09-27,146.95372009277344,1.0
2022-09-28,150.21014404296875,1.0
2022-09-29,148.59075927734375,1.0
2022-09-30,152.00559997558594,1.0
2022-10-03,152.78890991210938,0.0
2022-10-04,157.95521545410156,0.0
2022-10-05,156.75823974609375,0.0
2022-10-06,151.47752380371094,0.0
2022-10-07,145.36949157714844,0.0
2022-10-10,145.76553344726562,0.0
2022-10-11,148.0538787841797,0.0
2022-10-12,146.80410766601562,0.0
2022-10-13,146.79527282714844,0.0
2022-10-14,141.53216552734375,0.0
2022-10-17,147.78102111816406,1.0
2022-10-18,150.39498901367188,0.0
2022-10-19,146.0295867919922,0.0
2022-10-20,145.90638732910156,0.0
2022-10-21,146.06480407714844,0.0
2022-10-24,145.2286834716797,0.0
2022-10-25,152.5864715576172,0.0
2022-10-26,150.88784790039062,0.0
2022-10-27,151.26632690429688,0.0
2022-10-28,157.2863311767578,0.0
2022-10-31,156.16856384277344,0.0
2022-11-01,156.56463623046875,0.0
2022-11-02,139.46388244628906,0.0
2022-11-03,135.75857543945312,0.0
2022-11-04,135.42413330078125,0.0
2022-11-07,133.7783203125,0.0
2022-11-08,135.3273162841797,0.0
2022-11-09,133.45265197753906,0.0
2022-11-10,143.53883361816406,0.0
2022-11-11,139.34947204589844,0.0
2022-11-14,135.82901000976562,0.0
2022-11-15,136.2866668701172,0.0
2022-11-16,138.1173095703125,0.0
2022-11-17,136.6827392578125,0.0
2022-11-18,139.1822509765625,0.0
2022-11-21,138.69818115234375,0.0
2022-11-22,137.9500732421875,0.0
2022-11-23,137.73007202148438,0.0
2022-11-25,136.96437072753906,0.0
2022-11-28,134.26235961914062,0.0
2022-11-29,135.1160888671875,0.0
2022-11-30,141.42654418945312,0.0
2022-12-01,140.86328125,0.0
2022-12-02,139.9391326904297,0.0
2022-12-05,138.04689025878906,0.0
2022-12-06,137.33396911621094,0.0
2022-12-07,138.31971740722656,0.0
2022-12-08,138.58377075195312,0.0
2022-12-09,137.80926513671875,0.0
2022-12-12,139.6046905517578,0.0
2022-12-13,140.06674194335938,0.0
2022-12-14,138.6184539794922,0.0
2022-12-15,138.27194213867188,0.0
2022-12-16,132.65646362304688,0.0
2022-12-19,130.35519409179688,0.0
2022-12-20,129.71546936035156,0.0
2022-12-21,130.58619689941406,0.0
2022-12-22,129.79542541503906,0.0
2022-12-23,130.5329132080078,0.0
2022-12-27,131.09268188476562,0.0
2022-12-28,129.12901306152344,0.0
2022-12-29,132.39877319335938,0.0
2022-12-30,130.77279663085938,0.0
2023-01-03,128.20497131347656,0.0
2023-01-04,128.36488342285156,0.0
2023-01-05,125.31725311279297,0.0
2023-01-06,127.94730377197266,0.0
2023-01-09,130.87942504882812,0.0
2023-01-10,130.1508026123047,0.0
2023-01-11,136.67259216308594,0.0
2023-01-12,136.93026733398438,0.0
2023-01-13,134.96661376953125,0.0
2023-01-17,136.03285217285156,0.0
2023-01-18,134.00701904296875,0.0
2023-01-19,133.27842712402344,0.0
2023-01-20,134.0869903564453,0.0
2023-01-23,134.4157257080078,0.0
2023-01-24,135.13543701171875,0.0
2023-01-25,134.81558227539062,0.0
2023-01-26,138.8317108154297,0.0
2023-01-27,140.02230834960938,0.0
2023-01-30,135.94398498535156,0.0
2023-01-31,140.23558044433594,0.0
2023-02-01,140.77757263183594,0.0
2023-02-02,146.7040252685547,0.0
2023-02-03,144.94471740722656,0.0
2023-02-06,149.26296997070312,0.0
2023-02-07,148.96084594726562,0.0
2023-02-08,147.7702178955078,0.0
2023-02-09,147.2015838623047,0.0
2023-02-10,143.71856689453125,0.0
2023-02-13,144.7670440673828,0.0
2023-02-14,142.12814331054688,0.0
2023-02-15,144.1006317138672,0.0
2023-02-16,141.1329803466797,0.0
2023-02-17,141.26625061035156,0.0
2023-02-21,140.84866333007812,0.0
2023-02-22,137.0990753173828,0.0
2023-02-23,140.95523071289062,0.0
2023-02-24,142.86557006835938,0.0
2023-02-27,143.83407592773438,0.0
2023-02-28,146.29525756835938,0.0
2023-03-01,145.41566467285156,0.0
2023-03-02,148.31224060058594,0.0
2023-03-03,150.25808715820312,0.0
2023-03-06,148.62322998046875,0.0
2023-03-07,145.5222625732422,0.0
2023-03-08,145.48672485351562,0.0
2023-03-09,142.5279541015625,0.0
2023-03-10,136.43270874023438,0.0
2023-03-13,140.02230834960938,0.0
2023-03-14,141.2791748046875,0.0
2023-03-15,141.46771240234375,0.0
2023-03-16,143.6043701171875,0.0
2023-03-17,143.20933532714844,0.0
2023-03-20,143.94546508789062,0.0
2023-03-21,142.43728637695312,0.0
2023-03-22,134.24978637695312,0.0
2023-03-23,134.00738525390625,0.0
2023-03-24,137.53555297851562,0.0
2023-03-27,137.6702117919922,0.0
2023-03-28,135.68617248535156,0.0
2023-03-29,139.74400329589844,0.0
2023-03-30,142.58990478515625,0.0
2023-03-31,146.2706756591797,0.0
2023-04-03,138.7115936279297,0.0
2023-04-04,143.79287719726562,0.0
2023-04-05,143.65821838378906,0.0
2023-04-06,146.14495849609375,0.0
2023-04-10,147.42877197265625,0.0
2023-04-11,147.8417205810547,0.0
2023-04-12,146.7105712890625,0.0
2023-04-13,142.553955078125,0.0
2023-04-14,139.250244140625,0.0
2023-04-17,140.3275604248047,0.0
2023-04-18,139.13352966308594,0.0
2023-04-19,137.4188232421875,0.0
2023-04-20,136.38644409179688,0.0
2023-04-21,135.70411682128906,0.0
2023-04-24,136.65573120117188,0.0
2023-04-25,134.9679718017578,0.0
2023-04-26,134.1151123046875,0.0
2023-04-27,135.668212890625,0.0
2023-04-28,136.49417114257812,0.0
2023-05-01,136.81732177734375,0.0
2023-05-02,135.7490234375,0.0
2023-05-03,132.20289611816406,0.0
2023-05-04,135.37193298339844,0.0
2023-05-05,138.91807556152344,0.0
2023-05-08,140.92906188964844,0.0
2023-05-09,140.43528747558594,0.0
2023-05-10,140.76744079589844,0.0
2023-05-11,136.969970703125,0.0
2023-05-12,137.84078979492188,0.0
2023-05-15,136.65573120117188,0.0
2023-05-16,133.87269592285156,0.0
2023-05-17,133.94454956054688,0.0
2023-05-18,133.9265594482422,0.0
2023-05-19,132.95703125,0.0
2023-05-22,133.45074462890625,0.0
2023-05-23,132.94802856445312,0.0
2023-05-24,131.48471069335938,0.0
2023-05-25,130.5240936279297,0.0
2023-05-26,131.59243774414062,0.0
2023-05-30,131.22434997558594,0.0
2023-05-31,129.5186309814453,0.0
2023-06-01,128.70166015625,0.0
2023-06-02,131.11663818359375,0.0
2023-06-05,129.67124938964844,0.0
2023-06-06,128.66578674316406,0.0
2023-06-07,134.21385192871094,0.0
2023-06-08,131.20639038085938,0.0
2023-06-09,129.72511291503906,0.0
2023-06-12,130.50611877441406,0.0
2023-06-13,130.9729766845703,0.0
2023-06-14,130.11056518554688,0.0
2023-06-15,132.34381103515625,0.0
2023-06-16,131.88990783691406,0.0
2023-06-20,130.54629516601562,0.0
2023-06-21,132.55262756347656,0.0
2023-06-22,130.0106964111328,0.0
2023-06-23,128.87588500976562,0.0
2023-06-26,132.28025817871094,0.0
2023-06-27,133.56936645507812,0.0
2023-06-28,134.35919189453125,0.0
2023-06-29,134.3319854736328,0.0
2023-06-30,135.130859375,0.0
2023-07-03,136.55616760253906,0.0
2023-07-05,135.85711669921875,0.0
2023-07-06,134.76771545410156,0.0
2023-07-07,134.46812438964844,0.0
2023-07-10,135.7390899658203,0.0
2023-07-11,137.95423889160156,0.0
2023-07-12,138.80413818359375,0.0
2023-07-13,141.1528778076172,0.0
2023-07-14,142.35009765625,0.0
2023-07-17,142.9532928466797,0.0
2023-07-18,137.3693084716797,0.0
2023-07-19,136.13552856445312,0.0
2023-07-20,134.17979431152344,0.0
2023-07-21,133.49436950683594,0.0
2023-07-24,133.78680419921875,0.0
2023-07-25,132.67185974121094,0.0
2023-07-26,132.11436462402344,0.0
2023-07-27,129.76560974121094,0.0
2023-07-28,128.71461486816406,0.0
2023-07-31,127.55397033691406,0.0
2023-08-01,125.71700286865234,0.0
2023-08-02,125.06813049316406,1.0
2023-08-03,127.44429779052734,1.0
2023-08-04,114.87806701660156,0.0
2023-08-07,119.81316375732422,1.0
2023-08-08,117.66548919677734,0.0
2023-08-09,118.91753387451172,0.0
2023-08-10,118.6982192993164,0.0
2023-08-11,119.73091125488281,0.0
2023-08-14,118.96322631835938,0.0
2023-08-15,117.8391342163086,0.0
2023-08-16,117.01660919189453,0.0
2023-08-17,115.55435943603516,0.0
2023-08-18,115.9382095336914,0.0
2023-08-21,116.36774444580078,0.0
2023-08-22,115.60920715332031,0.0
2023-08-23,116.5322494506836,0.0
2023-08-24,116.48655700683594,0.0
2023-08-25,116.91608428955078,0.0
2023-08-28,117.46443176269531,0.0
2023-08-29,119.33793640136719,0.0
2023-08-30,119.38365173339844,0.0
2023-08-31,117.60150146484375,0.0
2023-09-01,117.73860931396484,0.0
2023-09-05,116.70587921142578,0.0
2023-09-06,115.66403198242188,0.0
2023-09-07,116.28549194335938,0.0
2023-09-08,115.50868225097656,0.0
2023-09-11,115.87423706054688,0.0
2023-09-12,115.88336944580078,0.0
2023-09-13,113.9184799194336,0.0
2023-09-14,115.9113998413086,0.0
2023-09-15,117.6104507446289,0.0
2023-09-18,116.26958465576172,0.0
2023-09-19,117.27063751220703,0.0
2023-09-20,117.13288116455078,0.0
2023-09-21,112.5867919921875,0.0
2023-09-22,113.93683624267578,0.0
2023-09-25,112.44902801513672,0.0
2023-09-26,110.91529846191406,0.0
2023-09-27,110.67652130126953,0.0
2023-09-28,110.96121215820312,0.0
2023-09-29,111.65921020507812,0.0
2023-10-02,109.5376968383789,0.0
2023-10-03,107.26006317138672,0.0
2023-10-04,106.87433624267578,1.0
2023-10-05,107.05802154541016,1.0
2023-10-06,108.84889221191406,1.0
2023-10-09,110.82345581054688,0.0
2023-10-10,111.3377685546875,0.0
2023-10-11,112.2745361328125,0.0
2023-10-12,110.30916595458984,0.0
2023-10-13,108.43562316894531,0.0
2023-10-16,109.73975372314453,0.0
2023-10-17,109.09687805175781,0.0
2023-10-18,106.53453826904297,0.0
2023-10-19,103.32012176513672,0.0
2023-10-20,100.6475830078125,0.0
2023-10-23,99.30670928955078,1.0
2023-10-24,97.78216552734375,1.0
2023-10-25,94.6688003540039,1.0
2023-10-26,96.63417053222656,1.0
2023-10-27,95.87188720703125,1.0
2023-10-30,95.44942474365234,1.0
2023-10-31,95.13716888427734,1.0
2023-11-01,94.89839172363281,1.0
2023-11-02,96.77192687988281,1.0
2023-11-03,98.24136352539062,0.0
2023-11-06,97.18519592285156,0.0
2023-11-07,98.45259094238281,0.0
2023-11-08,108.85807800292969,0.0
2023-11-09,108.46317291259766,0.0
2023-11-10,109.39076232910156,0.0
2023-11-13,107.98561096191406,0.0
2023-11-14,118.9788589477539,0.0
2023-11-15,119.39214324951172,0.0
2023-11-16,119.48399353027344,0.0
2023-11-17,117.79412841796875,0.0
2023-11-20,118.9145736694336,0.0
2023-11-21,117.55534362792969,0.0
2023-11-22,116.47162628173828,0.0
2023-11-24,116.74713897705078,0.0
2023-11-27,116.38897705078125,0.0
2023-11-28,116.90327453613281,0.0
2023-11-29,118.96048736572266,0.0
2023-11-30,119.54827117919922,0.0
2023-12-01,123.40556335449219,0.0
2023-12-04,125.88526153564453,0.0
2023-12-05,125.0586929321289,0.0
2023-12-06,125.47193908691406,0.0
2023-12-07,125.9219741821289,0.0
2023-12-08,127.36387634277344,0.0
2023-12-11,126.84955596923828,0.0
2023-12-12,127.69450378417969,0.0
2023-12-13,134.08656311035156,0.0
2023-12-14,143.6800994873047,0.0
2023-12-15,142.7699432373047,0.0
2023-12-18,140.8011016845703,0.0
2023-12-19,142.63992309570312,0.0
2023-12-20,141.35833740234375,0.0
2023-12-21,144.97100830078125,0.0
2023-12-22,145.37962341308594,0.0
2023-12-26,148.0821533203125,0.0
2023-12-27,149.60525512695312,0.0
2023-12-28,150.59893798828125,0.0
2023-12-29,148.89939880371094,0.0
2024-01-02,152.6792449951172,0.0
2024-01-03,147.47850036621094,0.0
2024-01-04,145.76040649414062,0.0
2024-01-05,146.80982971191406,0.0
2024-01-08,148.44436645507812,0.0
2024-01-09,146.76339721679688,0.0
2024-01-10,145.65823364257812,0.0
2024-01-11,139.99314880371094,0.0
2024-01-12,141.4604949951172,0.0
2024-01-16,139.7238006591797,0.0
2024-01-17,137.60633850097656,0.0
2024-01-18,135.9997100830078,0.0
2024-01-19,136.296875,0.0
2024-01-22,138.08929443359375,0.0
2024-01-23,136.74266052246094,0.0
2024-01-24,136.4362030029297,0.0
2024-01-25,138.21929931640625,0.0
2024-01-26,136.9562530517578,0.0
2024-01-29,137.4949188232422,0.0
2024-01-30,135.18243408203125,0.0
2024-01-31,134.1422882080078,0.0
2024-02-01,135.65609741210938,0.0
2024-02-02,133.29714965820312,0.0
2024-02-05,129.7216339111328,0.0
2024-02-06,132.55418395996094,0.0
2024-02-07,132.25701904296875,0.0
2024-02-08,133.24142456054688,0.0
2024-02-09,133.15786743164062,0.0
2024-02-12,131.89483642578125,0.0
2024-02-13,128.67221069335938,0.0
2024-02-14,129.64735412597656,0.0
2024-02-15,131.6626434326172,0.0
2024-02-16,131.47691345214844,0.0
2024-02-20,131.3376007080078,0.0
2024-02-21,132.90708923339844,0.0
2024-02-22,131.3097381591797,0.0
2024-02-23,130.07456970214844,0.0
2024-02-26,129.27587890625,0.0
2024-02-27,130.22314453125,0.0
2024-02-28,128.43072509765625,0.0
2024-02-29,130.91966247558594,0.0
2024-03-01,133.13929748535156,0.0
2024-03-04,136.96554565429688,0.0
2024-03-05,132.41490173339844,0.0
2024-03-06,133.76150512695312,0.0
2024-03-07,136.0182647705078,0.0
2024-03-08,139.8631134033203,0.0
2024-03-11,138.75796508789062,0.0
2024-03-12,139.8631134033203,0.0
2024-03-13,137.29989624023438,0.0
2024-03-14,133.62840270996094,0.0
2024-03-15,130.83021545410156,0.0
2024-03-18,129.64707946777344,0.0
2024-03-19,129.95692443847656,0.0
2024-03-20,131.92881774902344,0.0
2024-03-21,133.66600036621094,0.0
2024-03-22,132.73635864257812,0.0
2024-03-25,131.92881774902344,0.0
2024-03-26,131.8913116455078,0.0
2024-03-27,137.7975616455078,0.0
2024-03-28,138.0323028564453,0.0
2024-04-01,137.7881622314453,0.0
2024-04-02,136.61441040039062,0.0
2024-04-03,136.21066284179688,0.0
2024-04-04,135.70358276367188,0.0
2024-04-05,137.39376831054688,0.0
2024-04-08,139.9760284423828,0.0
2024-04-09,143.09347534179688,0.0
2024-04-10,133.8068084716797,0.0
2024-04-11,134.464111328125,0.0
2024-04-12,132.1072235107422,0.0
2024-04-15,129.3278045654297,0.0
2024-04-16,127.52494812011719,0.0
2024-04-17,127.7972640991211,0.0
2024-04-18,126.01315307617188,0.0
2024-04-19,124.37932586669922,0.0
2024-04-22,124.6422348022461,0.0
2024-04-23,125.14927673339844,0.0
2024-04-24,126.42631530761719,0.0
2024-04-25,125.66571807861328,0.0
2024-04-26,125.32769775390625,0.0
2024-04-29,128.99917602539062,0.0
2024-04-30,126.08828735351562,0.0
2024-05-01,130.23863220214844,0.0
2024-05-02,131.2621307373047,0.0
2024-05-03,133.2152557373047,0.0
2024-05-06,133.97584533691406,0.0
2024-05-07,134.55801391601562,0.0
2024-05-08,132.3513641357422,0.0
2024-05-09,137.29986572265625,0.0
2024-05-10,137.72242736816406,0.0
2024-05-13,138.8679962158203,0.0
2024-05-14,139.5816192626953,0.0
2024-05-15,142.8024139404297,0.0
2024-05-16,142.116943359375,0.0
2024-05-17,142.6239776611328,0.0
2024-05-20,141.12158203125,0.0
2024-05-21,137.16842651367188,0.0
2024-05-22,137.44073486328125,0.0
2024-05-23,133.9289093017578,0.0
2024-05-24,133.88194274902344,0.0
2024-05-28,133.67535400390625,0.0
2024-05-29,129.95692443847656,0.0
2024-05-30,133.0368194580078,0.0
2024-05-31,135.93833923339844,0.0
2024-06-03,136.10736083984375,0.0
2024-06-04,139.02761840820312,0.0
2024-06-05,139.40322875976562,0.0
2024-06-06,139.42201232910156,0.0
2024-06-07,139.06520080566406,0.0
2024-06-10,140.652099609375,0.0
2024-06-11,142.06057739257812,0.0
2024-06-12,145.3282928466797,0.0
2024-06-13,148.85891723632812,0.0
2024-06-14,148.53636169433594,0.0
2024-06-17,146.96153259277344,0.0
2024-06-18,151.1072998046875,0.0
2024-06-20,149.89297485351562,0.0
2024-06-21,150.77525329589844,0.0
2024-06-24,151.15472412109375,0.0
2024-06-25,149.13401794433594,0.0
2024-06-26,148.934814453125,0.0
2024-06-27,147.7489471435547,0.0
2024-06-28,147.4358673095703,0.0
2024-07-01,144.12493896484375,0.0
2024-07-02,145.8325958251953,0.0
2024-07-03,146.2879638671875,0.0
2024-07-05,146.4397430419922,0.0
2024-07-08,146.6389923095703,0.0
2024-07-09,145.65235900878906,0.0
2024-07-10,145.8325958251953,0.0
2024-07-11,150.75628662109375,0.0
2024-07-12,153.6118621826172,0.0
2024-07-15,154.06719970703125,0.0
2024-07-16,156.35357666015625,0.0
2024-07-17,159.19961547851562,0.0
2024-07-18,158.63990783691406,0.0
2024-07-19,155.67999267578125,0.0
2024-07-22,157.26429748535156,0.0
2024-07-23,157.9378662109375,0.0
2024-07-24,153.5644073486328,0.0
2024-07-25,152.44496154785156,0.0
2024-07-26,156.16380310058594,0.0
2024-07-29,155.5756378173828,0.0
2024-07-30,154.73129272460938,0.0
2024-07-31,151.42984008789062,0.0
2024-08-01,151.6575469970703,0.0
2024-08-02,156.4863739013672,0.0
2024-08-05,150.5950164794922,0.0
2024-08-06,154.826171875,0.0
2024-08-07,153.3367462158203,0.0
2024-08-08,154.8071746826172,0.0
2024-08-09,155.95510864257812,0.0
2024-08-12,155.68946838378906,0.0
2024-08-13,157.4255828857422,0.0
2024-08-14,158.1276092529297,0.0
2024-08-15,157.64378356933594,0.0
2024-08-16,158.68734741210938,0.0
2024-08-19,160.54676818847656,0.0
2024-08-20,160.6700897216797,0.0
2024-08-21,162.24493408203125,0.0
2024-08-22,164.78738403320312,0.0
2024-08-23,169.07550048828125,0.0
2024-08-26,168.58216857910156,0.0
2024-08-27,169.1324005126953,0.0
2024-08-28,165.74559020996094,0.0
2024-08-29,166.53298950195312,0.0
2024-08-30,167.91807556152344,0.0
2024-09-03,167.06427001953125,0.0
2024-09-04,166.7227325439453,0.0
2024-09-05,164.6545867919922,0.0
2024-09-06,164.67356872558594,0.0
2024-09-09,165.7740478515625,0.0
2024-09-10,168.34498596191406,0.0
2024-09-11,166.98837280273438,0.0
2024-09-12,168.1837158203125,0.0
2024-09-13,168.77191162109375,0.0
2024-09-16,170.0644073486328,0.0
2024-09-17,171.16543579101562,0.0
2024-09-18,173.91317749023438,0.0
2024-09-19,172.41961669921875,0.0
2024-09-20,172.7259979248047,0.0
2024-09-23,175.33970642089844,0.0
2024-09-24,174.40145874023438,0.0
2024-09-25,173.61639404296875,0.0
2024-09-26,169.08786010742188,0.0
2024-09-27,169.6814422607422,0.0
2024-09-30,172.51536560058594,0.0
2024-10-01,170.68670654296875,0.0
2024-10-02,169.6814422607422,0.0
2024-10-03,168.80062866210938,0.0
2024-10-04,162.26153564453125,0.0
2024-10-07,162.1849365234375,0.0
2024-10-08,163.67849731445312,0.0
2024-10-09,164.68377685546875,0.0
2024-10-10,162.53916931152344,0.0
2024-10-11,163.2763671875,0.0
2024-10-14,163.85081481933594,0.0
2024-10-15,163.8412628173828,0.0
2024-10-16,164.78907775878906,0.0
2024-10-17,162.78811645507812,0.0
2024-10-18,163.98486328125,0.0
2024-10-21,157.78085327148438,0.0
2024-10-22,159.07337951660156,0.0
2024-10-23,161.85940551757812,0.0
2024-10-24,161.11264038085938,0.0
2024-10-25,159.31271362304688,0.0
2024-10-28,160.32757568359375,0.0
2024-10-29,158.56593322753906,0.0
2024-10-30,157.72340393066406,0.0
2024-10-31,156.34475708007812,0.0
2024-11-01,154.26718139648438,0.0
2024-11-04,156.55538940429688,0.0
2024-11-05,161.361572265625,0.0
2024-11-06,154.18099975585938,0.0
2024-11-07,157.14895629882812,0.0
2024-11-08,160.55734252929688,0.0
2024-11-11,158.43190002441406,0.0
2024-11-12,155.63626098632812,0.0
2024-11-13,157.05322265625,0.0
2024-11-14,156.4691925048828,0.0
2024-11-15,157.55108642578125,0.0
2024-11-18,157.87660217285156,0.0
2024-11-19,158.4606170654297,0.0
2024-11-20,158.01063537597656,0.0
2024-11-21,159.77227783203125,0.0
2024-11-22,160.9785919189453,0.0
2024-11-25,163.1519317626953,0.0
2024-11-26,164.36781311035156,0.0
2024-11-27,165.32522583007812,0.0
2024-11-29,163.67849731445312,0.0
2024-12-02,162.50086975097656,0.0
2024-12-03,158.4893341064453,0.0
2024-12-04,157.01492309570312,0.0
2024-12-05,156.67027282714844,0.0
2024-12-06,156.5745086669922,0.0
2024-12-09,157.50320434570312,0.0
2024-12-10,153.5491180419922,0.0
2024-12-11,152.72573852539062,0.0
2024-12-12,152.1512908935547,0.0
2024-12-13,151.4619598388672,0.0
2024-12-16,150.51400756835938,0.0
2024-12-17,149.44027709960938,0.0
2024-12-18,142.8335418701172,0.0
2024-12-19,137.6970977783203,1.0
2024-12-20,142.1951141357422,1.0
2024-12-23,143.0850372314453,0.0
2024-12-24,144.67141723632812,0.0
2024-12-26,144.71011352539062,0.0
2024-12-27,143.24948120117188,0.0
2024-12-30,142.43692016601562,0.0
2024-12-31,144.71011352539062,0.0
